1 14.0 1.4945487678380283
2 14.0 1.4945487678380283
3 14.0 1.4945487678380283
4 14.0 1.4945487678380283
5 14.0 1.4945487678380283
6 14.0 1.4945487678380283
7 14.0 1.4945487678380283
8 14.0 1.4945487678380283
9 14.0 1.4945487678380283
10 14.0 1.4945487678380283
11 14.0 1.4945487678380283
12 14.0 1.4945487678380283
13 14.0 1.4945487678380283
14 14.0 1.4945487678380283
15 14.0 1.4945487678380283
16 14.0 1.4945487678380283
17 14.0 1.4945487678380283
18 14.0 1.4945487678380283
19 14.0 1.4945487678380283
20 14.0 1.4945487678380283
21 14.0 1.4945487678380283
22 14.0 1.4945487678380283
23 14.0 1.4945487678380283
24 14.0 1.4945487678380283
25 14.0 1.4945487678380283
26 14.0 1.4945487678380283
27 14.0 1.4945487678380283
28 14.0 1.4945487678380283
29 14.0 1.4945487678380283
30 14.0 1.4945487678380283
31 14.0 1.4945487678380283
32 14.0 1.4945487678380283
33 14.0 1.4945487678380283
34 14.0 1.4945487678380283
35 14.0 1.4945487678380283
36 14.0 1.4945487678380283
37 14.0 1.4945487678380283
38 14.0 1.4945487678380283
39 14.0 1.4945487678380283
40 14.0 1.4945487678380283
41 14.0 1.4945487678380283
42 14.0 1.4945487678380283
43 14.0 1.4945487678380283
44 14.0 1.4945487678380283
45 14.0 1.4945487678380283
46 14.0 1.4945487678380283
47 14.0 1.4945487678380283
48 14.0 1.4945487678380283
49 14.0 1.4945487678380283
50 14.0 1.4945487678380283
51 14.0 1.4945487678380283
52 14.0 1.4945487678380283
53 14.0 1.4945487678380283
54 14.0 1.4945487678380283
55 14.0 1.4945487678380283
56 14.0 1.4945487678380283
57 14.0 1.4945487678380283
58 14.0 1.4945487678380283
59 14.0 1.4945487678380283
60 14.0 1.4945487678380283
61 14.0 1.4945487678380283
62 14.0 1.4945487678380283
63 14.0 1.4945487678380283
64 14.0 1.4945487678380283
65 14.0 1.4945487678380283
66 14.0 1.4945487678380283
67 14.0 1.4945487678380283
68 14.0 1.4945487678380283
69 14.0 1.4945487678380283
70 14.0 1.4945487678380283
71 14.0 1.4945487678380283
72 14.0 1.4945487678380283
73 14.0 1.4945487678380283
74 14.0 1.4945487678380283
75 14.0 1.4945487678380283
76 14.0 1.4945487678380283
77 14.0 1.4945487678380283
78 14.0 1.4945487678380283
79 14.0 1.4945487678380283
80 14.0 1.4945487678380283
81 14.0 1.4945487678380283
82 14.0 1.4945487678380283
83 14.0 1.4945487678380283
84 14.0 1.4945487678380283
85 14.0 1.4945487678380283
86 14.0 1.4945487678380283
87 14.0 1.4945487678380283
88 14.0 1.4945487678380283
89 14.0 1.4945487678380283
90 14.0 1.4945487678380283
91 14.0 1.4945487678380283
92 14.0 1.4945487678380283
93 14.0 1.4945487678380283
94 14.0 1.4945487678380283
95 14.0 1.4945487678380283
96 14.0 1.4945487678380283
97 14.0 1.4945487678380283
98 14.0 1.4945487678380283
99 14.0 1.4945487678380283
100 14.0 1.4945487678380283
1 13.999999999993861 1.4945487678340985
2 13.999999999998181 1.494548767837907
3 14.0 1.4945487678380283
4 14.0 1.4945487678380283
5 14.0 1.4945487678380283
6 14.0 1.4945487678380283
7 14.0 1.4945487678380283
8 14.0 1.4945487678380283
9 14.0 1.4945487678380283
10 14.0 1.4945487678380283
11 14.0 1.4945487678380283
12 14.0 1.4945487678380283
13 14.0 1.4945487678380283
14 14.0 1.4945487678380283
15 14.0 1.4945487678380283
16 14.0 1.4945487678380283
17 14.0 1.4945487678380283
18 14.0 1.4945487678380283
19 14.0 1.4945487678380283
20 14.0 1.4945487678380283
21 14.0 1.4945487678380283
22 14.0 1.4945487678380283
23 14.0 1.4945487678380283
24 14.0 1.4945487678380283
25 14.0 1.4945487678380283
26 14.0 1.4945487678380283
27 14.000000000005457 1.4945487678430123
28 14.000000000005912 1.4945487678403813
29 14.0 1.4945487678380283
30 14.0 1.4945487678380283
31 14.0 1.4945487678380283
32 14.0 1.4945487678380283
33 14.0 1.4945487678380283
34 14.0 1.4945487678380283
35 14.0 1.4945487678380283
36 14.0 1.4945487678380283
37 14.0 1.4945487678380283
38 14.0 1.4945487678380283
39 14.0 1.4945487678380283
40 14.0 1.4945487678380283
41 14.0 1.4945487678380283
42 14.0 1.4945487678380283
43 14.0 1.4945487678380283
44 14.0 1.4945487678380283
45 14.0 1.4945487678380283
46 14.0 1.4945487678380283
47 14.0 1.4945487678380283
48 14.0 1.4945487678380283
49 14.0 1.4945487678380283
50 14.0 1.4945487678380283
51 14.0 1.4945487678380283
52 14.0 1.4945487678380283
53 14.0 1.4945487678380283
54 14.0 1.4945487678380283
55 14.0 1.4945487678380283
56 14.0 1.4945487678380283
57 14.0 1.4945487678380283
58 14.0 1.4945487678380283
59 14.0 1.4945487678380283
60 14.0 1.4945487678380283
61 14.0 1.4945487678380283
62 14.0 1.4945487678380283
63 14.0 1.4945487678380283
64 13.999999999997726 1.4945487678365088
65 13.999999999997726 1.4945487678369065
66 13.999999999998636 1.4945487678377987
67 14.0 1.4945487678380283
68 14.0 1.4945487678380283
69 14.0 1.4945487678380283
70 14.0 1.4945487678380283
71 14.0 1.4945487678380283
72 14.0 1.4945487678380283
73 14.0 1.4945487678380283
74 14.0 1.4945487678380283
75 14.0 1.4945487678380283
76 14.0 1.4945487678380283
77 14.0 1.4945487678380283
78 14.0 1.4945487678380283
79 14.0 1.4945487678380283
80 14.0 1.4945487678380283
81 14.0 1.4945487678380283
82 14.000000000001819 1.4945487678395777
83 14.000000000001137 1.4945487678383356
84 14.0 1.4945487678380283
85 14.0 1.4945487678380283
86 14.0 1.4945487678380283
87 14.0 1.4945487678380283
88 14.0 1.4945487678380283
89 14.0 1.4945487678380283
90 14.0 1.4945487678380283
91 14.0 1.4945487678380283
92 14.0 1.4945487678380283
93 14.0 1.4945487678380283
94 14.0 1.4945487678380283
95 14.0 1.4945487678380283
96 13.999999999999545 1.4945487678377476
97 13.999999999999773 1.494548767837974
98 14.0 1.4945487678380511
99 14.0 1.494548767838032
100 14.0 1.4945487678380283
1 13.999999999994543 1.4945487678353306
2 14.000000000001819 1.4945487678353646
3 13.99999999999045 1.4945487678331446
4 13.999999999997272 1.4945487678377725
5 14.0 1.4945487678380283
6 14.0 1.4945487678380283
7 14.0 1.4945487678380283
8 14.0 1.4945487678380283
9 14.0 1.4945487678380283
10 14.0 1.4945487678380283
11 14.0 1.4945487678380283
12 14.0 1.4945487678380283
13 14.0 1.4945487678380283
14 14.0 1.4945487678380283
15 14.0 1.4945487678380283
16 14.0 1.4945487678380283
17 14.0 1.4945487678380283
18 14.0 1.4945487678380283
19 14.0 1.4945487678380283
20 14.0 1.4945487678380283
21 14.0 1.4945487678380283
22 14.0 1.4945487678380283
23 14.0 1.4945487678380283
24 14.0 1.4945487678380283
25 14.0 1.4945487678380283
26 14.0 1.4945487678380283
27 14.000000000005457 1.4945487678434122
28 14.000000000005912 1.4945487678436027
29 14.000000000006139 1.4945487678428027
30 14.00000000000523 1.494548767839685
31 14.0 1.4945487678380283
32 14.0 1.4945487678380283
33 14.0 1.4945487678380283
34 14.0 1.4945487678380283
35 14.0 1.4945487678380283
36 14.0 1.4945487678380283
37 14.0 1.4945487678380283
38 14.0 1.4945487678380283
39 14.0 1.4945487678380283
40 14.0 1.4945487678380283
41 14.0 1.4945487678380283
42 14.0 1.4945487678380283
43 14.0 1.4945487678380283
44 14.0 1.4945487678380283
45 14.0 1.4945487678380283
46 14.0 1.4945487678380283
47 14.0 1.4945487678380283
48 14.0 1.4945487678380283
49 14.0 1.4945487678380283
50 14.0 1.4945487678380283
51 14.0 1.4945487678380283
52 14.0 1.4945487678380283
53 14.0 1.4945487678380283
54 14.0 1.4945487678380283
55 14.0 1.4945487678380283
56 14.0 1.4945487678380283
57 14.0 1.4945487678380283
58 14.0 1.4945487678380283
59 14.0 1.4945487678380283
60 14.0 1.4945487678380283
61 14.0 1.4945487678380283
62 14.0 1.4945487678380283
63 14.0 1.4945487678380283
64 13.999999999997726 1.4945487678362204
65 13.999999999997726 1.4945487678361675
66 13.999999999997954 1.4945487678363538
67 13.999999999997954 1.4945487678365872
68 13.999999999997954 1.4945487678371459
69 13.999999999999318 1.4945487678379563
70 14.0 1.4945487678380283
71 14.0 1.4945487678380283
72 14.0 1.4945487678380283
73 14.0 1.4945487678380283
74 14.0 1.4945487678380283
75 14.0 1.4945487678380283
76 14.0 1.4945487678380283
77 14.0 1.4945487678380283
78 14.0 1.4945487678380283
79 14.0 1.4945487678380283
80 14.0 1.4945487678380283
81 14.0 1.4945487678380283
82 14.000000000001819 1.494548767839811
83 14.000000000001819 1.4945487678397318
84 14.000000000002046 1.4945487678389477
85 14.0 1.4945487678380283
86 14.0 1.4945487678380283
87 14.0 1.4945487678380283
88 14.0 1.4945487678380283
89 14.0 1.4945487678380283
90 14.0 1.4945487678380283
91 14.0 1.4945487678380283
92 14.0 1.4945487678380283
93 14.0 1.4945487678380283
94 14.0 1.4945487678380283
95 14.0 1.4945487678380283
96 13.999999999999545 1.4945487678376619
97 13.999999999999545 1.4945487678376754
98 13.999999999999773 1.494548767837936
99 14.0 1.4945487678381477
100 14.000000000000227 1.4945487678380525
1 13.999999999994998 1.494548767835122
2 13.99999999999659 1.494548767833971
3 13.999999999999545 1.4945487678384797
4 13.999999999999773 1.4945487678326383
5 13.999999999989313 1.4945487678325347
6 13.999999999995907 1.494548767837488
7 14.0 1.4945487678380283
8 14.0 1.4945487678380283
9 14.0 1.4945487678380283
10 14.0 1.4945487678380283
11 14.0 1.4945487678380283
12 14.0 1.4945487678380283
13 14.0 1.4945487678380283
14 14.0 1.4945487678380283
15 14.0 1.4945487678380283
16 14.0 1.4945487678380283
17 14.0 1.4945487678380283
18 14.0 1.4945487678380283
19 14.0 1.4945487678380283
20 14.0 1.4945487678380283
21 14.0 1.4945487678380283
22 14.0 1.4945487678380283
23 14.0 1.4945487678380283
24 14.0 1.4945487678380283
25 14.0 1.4945487678380283
26 14.0 1.4945487678380283
27 14.000000000005457 1.4945487678433726
28 14.000000000005912 1.494548767843554
29 14.000000000006139 1.4945487678436196
30 14.000000000006366 1.494548767843674
31 14.000000000006366 1.4945487678424236
32 14.000000000004093 1.494548767838964
33 14.0 1.4945487678380283
34 14.0 1.4945487678380283
35 14.0 1.4945487678380283
36 14.0 1.4945487678380283
37 14.0 1.4945487678380283
38 14.0 1.4945487678380283
39 14.0 1.4945487678380283
40 14.0 1.4945487678380283
41 14.0 1.4945487678380283
42 14.0 1.4945487678380283
43 14.0 1.4945487678380283
44 14.0 1.4945487678380283
45 14.0 1.4945487678380283
46 14.0 1.4945487678380283
47 14.0 1.4945487678380283
48 14.0 1.4945487678380283
49 14.0 1.4945487678380283
50 14.0 1.4945487678380283
51 14.0 1.4945487678380283
52 14.0 1.4945487678380283
53 14.0 1.4945487678380283
54 14.0 1.4945487678380283
55 14.0 1.4945487678380283
56 14.0 1.4945487678380283
57 14.0 1.4945487678380283
58 14.0 1.4945487678380283
59 14.0 1.4945487678380283
60 14.0 1.4945487678380283
61 14.0 1.4945487678380283
62 14.0 1.4945487678380283
63 14.0 1.4945487678380283
64 13.999999999997726 1.4945487678361877
65 13.999999999997726 1.4945487678361216
66 13.999999999997954 1.494548767836279
67 13.999999999997954 1.4945487678362634
68 13.999999999997954 1.494548767836263
69 13.999999999997954 1.4945487678363538
70 13.999999999997954 1.4945487678366827
71 13.999999999997954 1.4945487678373575
72 13.999999999999773 1.4945487678380178
73 14.0 1.4945487678380283
74 14.0 1.4945487678380283
75 14.0 1.4945487678380283
76 14.0 1.4945487678380283
77 14.0 1.4945487678380283
78 14.0 1.4945487678380283
79 14.0 1.4945487678380283
80 14.0 1.4945487678380283
81 14.0 1.4945487678380283
82 14.000000000001819 1.494548767839802
83 14.000000000001819 1.4945487678397416
84 14.000000000002046 1.4945487678398732
85 14.000000000002046 1.4945487678394462
86 14.00000000000091 1.4945487678381886
87 14.0 1.4945487678380283
88 14.0 1.4945487678380283
89 14.0 1.4945487678380283
90 14.0 1.4945487678380283
91 14.0 1.4945487678380283
92 14.0 1.4945487678380283
93 14.0 1.4945487678380283
94 14.0 1.4945487678380283
95 14.0 1.4945487678380283
96 13.999999999999545 1.4945487678376603
97 13.999999999999545 1.4945487678376497
98 13.999999999999545 1.494548767837636
99 13.999999999999773 1.4945487678379015
100 14.0 1.4945487678381306
1 13.999999999994998 1.494548767834713
2 13.999999999997954 1.4945487678348641
3 13.99999999999568 1.4945487678339135
4 13.999999999998181 1.4945487678401252
5 14.000000000004093 1.4945487678372424
6 13.999999999993406 1.4945487678299032
7 13.999999999989313 1.4945487678319858
8 13.999999999994543 1.4945487678371152
9 14.0 1.4945487678380283
10 14.0 1.4945487678380283
11 14.0 1.4945487678380283
12 14.0 1.4945487678380283
13 14.0 1.4945487678380283
14 14.0 1.4945487678380283
15 14.0 1.4945487678380283
16 14.0 1.4945487678380283
17 14.0 1.4945487678380283
18 14.0 1.4945487678380283
19 14.0 1.4945487678380283
20 14.0 1.4945487678380283
21 14.0 1.4945487678380283
22 14.0 1.4945487678380283
23 14.0 1.4945487678380283
24 14.0 1.4945487678380283
25 14.0 1.4945487678380283
26 14.0 1.4945487678380283
27 14.000000000005457 1.4945487678433726
28 14.000000000005912 1.4945487678435518
29 14.000000000006139 1.4945487678436196
30 14.000000000006366 1.4945487678437182
31 14.000000000006366 1.4945487678436875
32 14.000000000006366 1.494548767843521
33 14.000000000006366 1.494548767841825
34 14.000000000002728 1.4945487678384513
35 14.0 1.4945487678380283
36 14.0 1.4945487678380283
37 14.0 1.4945487678380283
38 14.0 1.4945487678380283
39 14.0 1.4945487678380283
40 14.0 1.4945487678380283
41 14.0 1.4945487678380283
42 14.0 1.4945487678380283
43 14.0 1.4945487678380283
44 14.0 1.4945487678380283
45 14.0 1.4945487678380283
46 14.0 1.4945487678380283
47 14.0 1.4945487678380283
48 14.0 1.4945487678380283
49 14.0 1.4945487678380283
50 14.0 1.4945487678380283
51 14.0 1.4945487678380283
52 14.0 1.4945487678380283
53 14.0 1.4945487678380283
54 14.0 1.4945487678380283
55 14.0 1.4945487678380283
56 14.0 1.4945487678380283
57 14.0 1.4945487678380283
58 14.0 1.4945487678380283
59 14.0 1.4945487678380283
60 14.0 1.4945487678380283
61 14.0 1.4945487678380283
62 14.0 1.4945487678380283
63 14.0 1.4945487678380283
64 13.999999999997726 1.4945487678361877
65 13.999999999997726 1.49454876783612
66 13.999999999997954 1.4945487678362748
67 13.999999999997954 1.494548767836254
68 13.999999999997954 1.4945487678362417
69 13.999999999997954 1.4945487678362444
70 13.999999999997954 1.4945487678362523
71 13.999999999997954 1.4945487678362699
72 13.999999999997954 1.4945487678364078
73 13.999999999997954 1.4945487678367937
74 13.999999999998181 1.4945487678375806
75 14.0 1.4945487678380283
76 14.0 1.4945487678380283
77 14.0 1.4945487678380283
78 14.0 1.4945487678380283
79 14.0 1.4945487678380283
80 14.0 1.4945487678380283
81 14.0 1.4945487678380283
82 14.000000000001819 1.494548767839802
83 14.000000000001819 1.494548767839741
84 14.000000000002046 1.4945487678398732
85 14.000000000002046 1.4945487678398557
86 14.000000000002046 1.4945487678397043
87 14.000000000001592 1.4945487678385956
88 14.0 1.4945487678380283
89 14.0 1.4945487678380283
90 14.0 1.4945487678380283
91 14.0 1.4945487678380283
92 14.0 1.4945487678380283
93 14.0 1.4945487678380283
94 14.0 1.4945487678380283
95 14.0 1.4945487678380283
96 13.999999999999545 1.4945487678376603
97 13.999999999999545 1.4945487678376497
98 13.999999999999545 1.4945487678376177
99 13.999999999999318 1.494548767837599
100 13.999999999999773 1.494548767837923
1 13.999999999995907 1.494548767834552
2 13.999999999996362 1.494548767835612
3 13.999999999995225 1.494548767834109
4 13.999999999999545 1.49454876783492
5 13.99999999999568 1.494548767839225
6 14.00000000000432 1.4945487678402476
7 14.000000000001137 1.494548767832584
8 13.999999999989313 1.4945487678291736
9 13.999999999989313 1.4945487678314993
10 13.999999999993179 1.494548767836638
11 14.0 1.4945487678380283
12 14.0 1.4945487678380283
13 14.0 1.4945487678380283
14 14.0 1.4945487678380283
15 14.0 1.4945487678380283
16 14.0 1.4945487678380283
17 14.0 1.4945487678380283
18 14.0 1.4945487678380283
19 14.0 1.4945487678380283
20 14.0 1.4945487678380283
21 14.0 1.4945487678380283
22 14.0 1.4945487678380283
23 14.0 1.4945487678380283
24 14.0 1.4945487678380283
25 14.0 1.4945487678380283
26 14.0 1.4945487678380283
27 14.000000000005457 1.4945487678433726
28 14.000000000005912 1.4945487678435518
29 14.000000000006139 1.4945487678436196
30 14.000000000006366 1.4945487678437182
31 14.000000000006366 1.4945487678436973
32 14.000000000006366 1.4945487678436717
33 14.000000000006366 1.4945487678436267
34 14.000000000006366 1.4945487678432439
35 14.000000000006366 1.4945487678411238
36 14.000000000001364 1.494548767838137
37 14.0 1.4945487678380283
38 14.0 1.4945487678380283
39 14.0 1.4945487678380283
40 14.0 1.4945487678380283
41 14.0 1.4945487678380283
42 14.0 1.4945487678380283
43 14.0 1.4945487678380283
44 14.0 1.4945487678380283
45 14.0 1.4945487678380283
46 14.0 1.4945487678380283
47 14.0 1.4945487678380283
48 14.0 1.4945487678380283
49 14.0 1.4945487678380283
50 14.0 1.4945487678380283
51 14.0 1.4945487678380283
52 14.0 1.4945487678380283
53 14.0 1.4945487678380283
54 14.0 1.4945487678380283
55 14.0 1.4945487678380283
56 14.0 1.4945487678380283
57 14.0 1.4945487678380283
58 14.0 1.4945487678380283
59 14.0 1.4945487678380283
60 14.0 1.4945487678380283
61 14.0 1.4945487678380283
62 14.0 1.4945487678380283
63 14.0 1.4945487678380283
64 13.999999999997726 1.4945487678361877
65 13.999999999997726 1.49454876783612
66 13.999999999997954 1.4945487678362748
67 13.999999999997954 1.494548767836254
68 13.999999999997954 1.4945487678362417
69 13.999999999997954 1.4945487678362417
70 13.999999999997954 1.4945487678362417
71 13.999999999997954 1.4945487678362417
72 13.999999999997954 1.4945487678362461
73 13.999999999997954 1.4945487678362555
74 13.999999999997954 1.4945487678362757
75 13.999999999997954 1.494548767836471
76 13.999999999997954 1.4945487678369243
77 13.999999999998636 1.4945487678377736
78 14.0 1.4945487678380283
79 14.0 1.4945487678380283
80 14.0 1.4945487678380283
81 14.0 1.4945487678380283
82 14.000000000001819 1.494548767839802
83 14.000000000001819 1.494548767839741
84 14.000000000002046 1.4945487678398732
85 14.000000000002046 1.4945487678398557
86 14.000000000002046 1.494548767839842
87 14.000000000002046 1.494548767839821
88 14.000000000002046 1.4945487678391507
89 14.000000000000227 1.4945487678380516
90 14.0 1.4945487678380283
91 14.0 1.4945487678380283
92 14.0 1.4945487678380283
93 14.0 1.4945487678380283
94 14.0 1.4945487678380283
95 14.0 1.4945487678380283
96 13.999999999999545 1.4945487678376603
97 13.999999999999545 1.4945487678376497
98 13.999999999999545 1.4945487678376177
99 13.999999999999318 1.4945487678374532
100 13.999999999999545 1.4945487678376765
1 13.999999999996135 1.494548767834567
2 13.999999999997954 1.4945487678348095
3 13.99999999999568 1.4945487678349798
4 13.999999999997499 1.4945487678338043
5 13.999999999995225 1.4945487678339795
6 13.999999999996135 1.4945487678398823
7 14.00000000000432 1.4945487678415699
8 14.00000000000432 1.4945487678375449
9 13.999999999993861 1.4945487678294236
10 13.999999999989313 1.4945487678290232
11 13.999999999989313 1.4945487678310676
12 13.999999999991815 1.4945487678360327
13 14.0 1.4945487678380283
14 14.0 1.4945487678380283
15 14.0 1.4945487678380283
16 14.0 1.4945487678380283
17 14.0 1.4945487678380283
18 14.0 1.4945487678380283
19 14.0 1.4945487678380283
20 14.0 1.4945487678380283
21 14.0 1.4945487678380283
22 14.0 1.4945487678380283
23 14.0 1.4945487678380283
24 14.0 1.4945487678380283
25 14.0 1.4945487678380283
26 14.0 1.4945487678380283
27 14.000000000005457 1.4945487678433726
28 14.000000000005912 1.4945487678435518
29 14.000000000006139 1.4945487678436196
30 14.000000000006366 1.4945487678437182
31 14.000000000006366 1.4945487678436973
32 14.000000000006366 1.4945487678436746
33 14.000000000006366 1.494548767843652
34 14.000000000006366 1.4945487678436196
35 14.000000000006366 1.494548767843588
36 14.000000000006366 1.4945487678429656
37 14.000000000006366 1.4945487678402702
38 14.0 1.4945487678380283
39 14.0 1.4945487678380283
40 14.0 1.4945487678380283
41 14.0 1.4945487678380283
42 14.0 1.4945487678380283
43 14.0 1.4945487678380283
44 14.0 1.4945487678380283
45 14.0 1.4945487678380283
46 14.0 1.4945487678380283
47 14.0 1.4945487678380283
48 14.0 1.4945487678380283
49 14.0 1.4945487678380283
50 14.0 1.4945487678380283
51 14.0 1.4945487678380283
52 14.0 1.4945487678380283
53 14.0 1.4945487678380283
54 14.0 1.4945487678380283
55 14.0 1.4945487678380283
56 14.0 1.4945487678380283
57 14.0 1.4945487678380283
58 14.0 1.4945487678380283
59 14.0 1.4945487678380283
60 14.0 1.4945487678380283
61 14.0 1.4945487678380283
62 14.0 1.4945487678380283
63 14.0 1.4945487678380283
64 13.999999999997726 1.4945487678361877
65 13.999999999997726 1.49454876783612
66 13.999999999997954 1.4945487678362748
67 13.999999999997954 1.494548767836254
68 13.999999999997954 1.4945487678362417
69 13.999999999997954 1.4945487678362417
70 13.999999999997954 1.4945487678362417
71 13.999999999997954 1.4945487678362417
72 13.999999999997954 1.4945487678362417
73 13.999999999997954 1.4945487678362417
74 13.999999999997954 1.4945487678362417
75 13.999999999997954 1.494548767836248
76 13.999999999997954 1.494548767836259
77 13.999999999997954 1.4945487678362932
78 13.999999999997954 1.4945487678365454
79 13.999999999997954 1.494548767837077
80 13.99999999999909 1.494548767837907
81 14.0 1.4945487678380283
82 14.000000000001819 1.494548767839802
83 14.000000000001819 1.494548767839741
84 14.000000000002046 1.4945487678398732
85 14.000000000002046 1.4945487678398557
86 14.000000000002046 1.494548767839842
87 14.000000000002046 1.4945487678398357
88 14.000000000002046 1.4945487678398293
89 14.000000000002046 1.4945487678395235
90 14.000000000001137 1.4945487678382867
91 14.0 1.4945487678380283
92 14.0 1.4945487678380283
93 14.0 1.4945487678380283
94 14.0 1.4945487678380283
95 14.0 1.4945487678380283
96 13.999999999999545 1.4945487678376603
97 13.999999999999545 1.4945487678376497
98 13.999999999999545 1.4945487678376177
99 13.999999999999318 1.4945487678374498
100 13.999999999999318 1.4945487678374767
1 13.99999999999568 1.494548767834678
2 13.999999999998408 1.494548767834713
3 13.999999999995907 1.4945487678346179
4 13.999999999994088 1.494548767834088
5 13.999999999997272 1.4945487678366112
6 14.000000000002274 1.4945487678338634
7 13.999999999990678 1.4945487678369922
8 14.00000000000432 1.494548767841725
9 14.00000000000432 1.4945487678403393
10 14.000000000001592 1.4945487678328073
11 13.999999999989313 1.4945487678287586
12 13.999999999989313 1.4945487678289209
13 13.999999999989313 1.4945487678306848
14 13.99999999999045 1.4945487678353138
15 14.0 1.4945487678380283
16 14.0 1.4945487678380283
17 14.0 1.4945487678380283
18 14.0 1.4945487678380283
19 14.0 1.4945487678380283
20 14.0 1.4945487678380283
21 14.0 1.4945487678380283
22 14.0 1.4945487678380283
23 14.0 1.4945487678380283
24 14.0 1.4945487678380283
25 14.0 1.4945487678380283
26 14.0 1.4945487678380283
27 14.000000000005457 1.4945487678433726
28 14.000000000005912 1.4945487678435518
29 14.000000000006139 1.4945487678436196
30 14.000000000006366 1.4945487678437182
31 14.000000000006366 1.4945487678436973
32 14.000000000006366 1.4945487678436746
33 14.000000000006366 1.494548767843652
34 14.000000000006366 1.4945487678436293
35 14.000000000006366 1.4945487678436293
36 14.000000000006366 1.4945487678436153
37 14.000000000006366 1.4945487678435756
38 14.000000000006366 1.4945487678426115
39 14.000000000005002 1.4945487678394123
40 14.0 1.4945487678380283
41 14.0 1.4945487678380283
42 14.0 1.4945487678380283
43 14.0 1.4945487678380283
44 14.0 1.4945487678380283
45 14.0 1.4945487678380283
46 14.0 1.4945487678380283
47 14.0 1.4945487678380283
48 14.0 1.4945487678380283
49 14.0 1.4945487678380283
50 14.0 1.4945487678380283
51 14.0 1.4945487678380283
52 14.0 1.4945487678380283
53 14.0 1.4945487678380283
54 14.0 1.4945487678380283
55 14.0 1.4945487678380283
56 14.0 1.4945487678380283
57 14.0 1.4945487678380283
58 14.0 1.4945487678380283
59 14.0 1.4945487678380283
60 14.0 1.4945487678380283
61 14.0 1.4945487678380283
62 14.0 1.4945487678380283
63 14.0 1.4945487678380283
64 13.999999999997726 1.4945487678361877
65 13.999999999997726 1.49454876783612
66 13.999999999997954 1.4945487678362748
67 13.999999999997954 1.494548767836254
68 13.999999999997954 1.4945487678362417
69 13.999999999997954 1.4945487678362417
70 13.999999999997954 1.4945487678362417
71 13.999999999997954 1.4945487678362417
72 13.999999999997954 1.4945487678362417
73 13.999999999997954 1.4945487678362417
74 13.999999999997954 1.4945487678362417
75 13.999999999997954 1.4945487678362417
76 13.999999999997954 1.4945487678362417
77 13.999999999997954 1.4945487678362417
78 13.999999999997954 1.4945487678362497
79 13.999999999997954 1.4945487678362626
80 13.999999999997954 1.4945487678363298
81 13.999999999997954 1.4945487678366334
82 13.99999999999909 1.4945487678389437
83 14.000000000001819 1.494548767839741
84 14.000000000002046 1.4945487678398732
85 14.000000000002046 1.4945487678398557
86 14.000000000002046 1.494548767839842
87 14.000000000002046 1.4945487678398357
88 14.000000000002046 1.4945487678398293
89 14.000000000002046 1.4945487678398293
90 14.000000000002046 1.4945487678397404
91 14.000000000001819 1.4945487678387552
92 14.0 1.4945487678380283
93 14.0 1.4945487678380283
94 14.0 1.4945487678380283
95 14.0 1.4945487678380283
96 13.999999999999545 1.4945487678376603
97 13.999999999999545 1.4945487678376497
98 13.999999999999545 1.4945487678376177
99 13.999999999999318 1.4945487678374498
100 13.999999999999318 1.4945487678374498
1 13.999999999996135 1.4945487678346332
2 13.99999999999659 1.4945487678345828
3 13.99999999999659 1.4945487678354836
4 13.999999999997499 1.4945487678347587
5 13.999999999997954 1.4945487678357083
6 13.99999999999227 1.4945487678354648
7 14.000000000004093 1.4945487678367348
8 13.999999999991587 1.494548767833278
9 14.000000000001819 1.4945487678415486
10 14.00000000000432 1.4945487678415912
11 14.00000000000432 1.494548767837746
12 13.999999999994316 1.4945487678294882
13 13.999999999989313 1.49454876782875
14 13.999999999989313 1.4945487678288607
15 13.999999999989313 1.4945487678303455
16 13.999999999989313 1.4945487678345
17 13.999999999999773 1.4945487678380247
18 14.0 1.4945487678380283
19 14.0 1.4945487678380283
20 14.0 1.4945487678380283
21 14.0 1.4945487678380283
22 14.0 1.4945487678380283
23 14.0 1.4945487678380283
24 14.0 1.4945487678380283
25 14.0 1.4945487678380283
26 14.0 1.4945487678380283
27 14.000000000005457 1.4945487678433726
28 14.000000000005912 1.4945487678435518
29 14.000000000006139 1.4945487678436196
30 14.000000000006366 1.4945487678437182
31 14.000000000006366 1.4945487678436973
32 14.000000000006366 1.4945487678436746
33 14.000000000006366 1.494548767843652
34 14.000000000006366 1.4945487678436293
35 14.000000000006366 1.4945487678436293
36 14.000000000006366 1.4945487678436293
37 14.000000000006366 1.4945487678436267
38 14.000000000006366 1.49454876784361
39 14.000000000006366 1.494548767843527
40 14.000000000006366 1.4945487678421614
41 14.000000000003638 1.4945487678387575
42 14.0 1.4945487678380283
43 14.0 1.4945487678380283
44 14.0 1.4945487678380283
45 14.0 1.4945487678380283
46 14.0 1.4945487678380283
47 14.0 1.4945487678380283
48 14.0 1.4945487678380283
49 14.0 1.4945487678380283
50 14.0 1.4945487678380283
51 14.0 1.4945487678380283
52 14.0 1.4945487678380283
53 14.0 1.4945487678380283
54 14.0 1.4945487678380283
55 14.0 1.4945487678380283
56 14.0 1.4945487678380283
57 14.0 1.4945487678380283
58 14.0 1.4945487678380283
59 14.0 1.4945487678380283
60 14.0 1.4945487678380283
61 14.0 1.4945487678380283
62 14.0 1.4945487678380283
63 14.0 1.4945487678380283
64 13.999999999997726 1.4945487678361877
65 13.999999999997726 1.49454876783612
66 13.999999999997954 1.4945487678362748
67 13.999999999997954 1.494548767836254
68 13.999999999997954 1.4945487678362417
69 13.999999999997954 1.4945487678362417
70 13.999999999997954 1.4945487678362417
71 13.999999999997954 1.4945487678362417
72 13.999999999997954 1.4945487678362417
73 13.999999999997954 1.4945487678362417
74 13.999999999997954 1.4945487678362417
75 13.999999999997954 1.4945487678362417
76 13.999999999997954 1.4945487678362417
77 13.999999999997954 1.4945487678362417
78 13.999999999997954 1.4945487678362417
79 13.999999999997954 1.4945487678362417
80 13.999999999997954 1.4945487678362435
81 13.999999999997954 1.4945487678362515
82 13.999999999997272 1.4945487678356535
83 13.999999999998636 1.4945487678382805
84 14.000000000001364 1.494548767839784
85 14.000000000002046 1.4945487678398557
86 14.000000000002046 1.494548767839842
87 14.000000000002046 1.4945487678398357
88 14.000000000002046 1.4945487678398293
89 14.000000000002046 1.4945487678398293
90 14.000000000002046 1.4945487678398293
91 14.000000000002046 1.4945487678398244
92 14.000000000001819 1.494548767838979
93 14.000000000000682 1.4945487678383234
94 14.000000000000227 1.4945487678380516
95 14.0 1.4945487678380283
96 13.999999999999545 1.4945487678376603
97 13.999999999999545 1.4945487678376497
98 13.999999999999545 1.4945487678376177
99 13.999999999999318 1.4945487678374498
100 13.999999999999318 1.4945487678374498
1 13.999999999996362 1.4945487678346774
2 13.999999999996362 1.4945487678348193
3 13.999999999997499 1.494548767835082
4 13.99999999999477 1.4945487678345346
5 13.99999999999909 1.4945487678341884
6 13.999999999993406 1.4945487678356575
7 13.999999999994998 1.4945487678351586
8 14.000000000004093 1.494548767839227
9 13.999999999997726 1.4945487678325298
10 13.999999999995907 1.494548767839809
11 14.00000000000432 1.4945487678417257
12 14.00000000000432 1.494548767840445
13 14.000000000002046 1.4945487678330855
14 13.999999999989313 1.4945487678287062
15 13.999999999989313 1.4945487678287421
16 13.999999999989313 1.4945487678288356
17 13.999999999989313 1.4945487678300442
18 13.999999999989313 1.494548767833729
19 13.999999999998408 1.4945487678379332
20 14.0 1.4945487678380283
21 14.0 1.4945487678380283
22 14.0 1.4945487678380283
23 14.0 1.4945487678380283
24 14.0 1.4945487678380283
25 14.0 1.4945487678380283
26 14.0 1.4945487678380283
27 14.000000000005457 1.4945487678433726
28 14.000000000005912 1.4945487678435518
29 14.000000000006139 1.4945487678436196
30 14.000000000006366 1.4945487678437182
31 14.000000000006366 1.4945487678436973
32 14.000000000006366 1.4945487678436746
33 14.000000000006366 1.494548767843652
34 14.000000000006366 1.4945487678436293
35 14.000000000006366 1.4945487678436293
36 14.000000000006366 1.4945487678436293
37 14.000000000006366 1.4945487678436293
38 14.000000000006366 1.4945487678436293
39 14.000000000006366 1.494548767843624
40 14.000000000006366 1.4945487678436034
41 14.000000000006366 1.4945487678433915
42 14.000000000006366 1.4945487678415892
43 14.000000000002274 1.4945487678383267
44 14.0 1.4945487678380283
45 14.0 1.4945487678380283
46 14.0 1.4945487678380283
47 14.0 1.4945487678380283
48 14.0 1.4945487678380283
49 14.0 1.4945487678380283
50 14.0 1.4945487678380283
51 14.0 1.4945487678380283
52 14.0 1.4945487678380283
53 14.0 1.4945487678380283
54 14.0 1.4945487678380283
55 14.0 1.4945487678380283
56 14.0 1.4945487678380283
57 14.0 1.4945487678380283
58 14.0 1.4945487678380283
59 14.0 1.4945487678380283
60 14.0 1.4945487678380283
61 14.0 1.4945487678380283
62 14.0 1.4945487678380283
63 14.0 1.4945487678380283
64 13.999999999997726 1.4945487678361877
65 13.999999999997726 1.49454876783612
66 13.999999999997954 1.4945487678362748
67 13.999999999997954 1.494548767836254
68 13.999999999997954 1.4945487678362417
69 13.999999999997954 1.4945487678362417
70 13.999999999997954 1.4945487678362417
71 13.999999999997954 1.4945487678362417
72 13.999999999997954 1.4945487678362417
73 13.999999999997954 1.4945487678362417
74 13.999999999997954 1.4945487678362417
75 13.999999999997954 1.4945487678362417
76 13.999999999997954 1.4945487678362417
77 13.999999999997954 1.4945487678362417
78 13.999999999997954 1.4945487678362417
79 13.999999999997954 1.4945487678362417
80 13.999999999997954 1.4945487678362417
81 13.999999999997954 1.4945487678362417
82 13.999999999997272 1.494548767835571
83 13.999999999996817 1.4945487678354006
84 13.99999999999909 1.4945487678380307
85 14.000000000000682 1.4945487678395013
86 14.000000000002046 1.494548767839842
87 14.000000000002046 1.4945487678398357
88 14.000000000002046 1.4945487678398293
89 14.000000000002046 1.4945487678398293
90 14.000000000002046 1.4945487678398293
91 14.000000000002046 1.4945487678398293
92 14.000000000002274 1.4945487678400573
93 14.000000000001364 1.494548767838822
94 14.000000000000682 1.4945487678385487
95 14.000000000000682 1.494548767838396
96 14.0 1.494548767837711
97 13.999999999999545 1.4945487678376497
98 13.999999999999545 1.4945487678376177
99 13.999999999999318 1.4945487678374498
100 13.999999999999318 1.4945487678374498
1 13.999999999997954 1.494548767835281
2 13.999999999996362 1.494548767834593
3 13.999999999996817 1.4945487678344722
4 13.999999999996135 1.4945487678350307
5 13.999999999994316 1.4945487678333185
6 13.999999999996135 1.4945487678359664
7 13.999999999998636 1.4945487678355924
8 13.999999999992951 1.4945487678341742
9 14.000000000002728 1.4945487678405838
10 14.000000000003638 1.4945487678350182
11 13.99999999999045 1.4945487678363738
12 14.00000000000432 1.494548767841767
13 14.00000000000432 1.4945487678416143
14 14.00000000000432 1.4945487678379543
15 13.99999999999477 1.494548767829604
16 13.999999999989313 1.4945487678287035
17 13.999999999989313 1.4945487678287355
18 13.999999999989313 1.4945487678288183
19 13.999999999989313 1.4945487678297773
20 13.999999999989313 1.4945487678330451
21 13.999999999997044 1.4945487678377316
22 14.0 1.4945487678380283
23 14.0 1.4945487678380283
24 14.0 1.4945487678380283
25 14.0 1.4945487678380283
26 14.0 1.4945487678380283
27 14.000000000005457 1.4945487678433726
28 14.000000000005912 1.4945487678435518
29 14.000000000006139 1.4945487678436196
30 14.000000000006366 1.4945487678437182
31 14.000000000006366 1.4945487678436973
32 14.000000000006366 1.4945487678436746
33 14.000000000006366 1.494548767843652
34 14.000000000006366 1.4945487678436293
35 14.000000000006366 1.4945487678436293
36 14.000000000006366 1.4945487678436293
37 14.000000000006366 1.4945487678436293
38 14.000000000006366 1.4945487678436293
39 14.000000000006366 1.4945487678436293
40 14.000000000006366 1.4945487678436293
41 14.000000000006366 1.4945487678436213
42 14.000000000006366 1.4945487678435951
43 14.000000000006366 1.4945487678431586
44 14.000000000006366 1.4945487678408618
45 14.00000000000091 1.4945487678380756
46 14.0 1.4945487678380283
47 14.0 1.4945487678380283
48 14.0 1.4945487678380283
49 14.0 1.4945487678380283
50 14.0 1.4945487678380283
51 14.0 1.4945487678380283
52 14.0 1.4945487678380283
53 14.0 1.4945487678380283
54 14.0 1.4945487678380283
55 14.0 1.4945487678380283
56 14.0 1.4945487678380283
57 14.0 1.4945487678380283
58 14.0 1.4945487678380283
59 14.0 1.4945487678380283
60 14.0 1.4945487678380283
61 14.0 1.4945487678380283
62 14.0 1.4945487678380283
63 14.0 1.4945487678380283
64 13.999999999997726 1.4945487678361877
65 13.999999999997726 1.49454876783612
66 13.999999999997954 1.4945487678362748
67 13.999999999997954 1.494548767836254
68 13.999999999997954 1.4945487678362417
69 13.999999999997954 1.4945487678362417
70 13.999999999997954 1.4945487678362417
71 13.999999999997954 1.4945487678362417
72 13.999999999997954 1.4945487678362417
73 13.999999999997954 1.4945487678362417
74 13.999999999997954 1.4945487678362417
75 13.999999999997954 1.4945487678362417
76 13.999999999997954 1.4945487678362417
77 13.999999999997954 1.4945487678362417
78 13.999999999997954 1.4945487678362417
79 13.999999999997954 1.4945487678362417
80 13.999999999997954 1.4945487678362417
81 13.999999999997954 1.4945487678362417
82 13.999999999997272 1.494548767835575
83 13.999999999996817 1.4945487678351244
84 13.99999999999659 1.4945487678356384
85 13.999999999999318 1.4945487678380047
86 14.0 1.494548767839009
87 14.000000000002046 1.4945487678398357
88 14.000000000002046 1.4945487678398293
89 14.000000000002046 1.4945487678398293
90 14.000000000002046 1.4945487678398293
91 14.000000000002046 1.4945487678398293
92 14.000000000002274 1.494548767840079
93 14.000000000002501 1.4945487678400333
94 14.000000000001137 1.49454876783869
95 14.000000000000682 1.4945487678386031
96 14.00000000000091 1.4945487678385634
97 14.0 1.4945487678377682
98 13.999999999999545 1.4945487678376177
99 13.999999999999318 1.4945487678374498
100 13.999999999999318 1.4945487678374498
1 13.99999999999909 1.4945487678370029
2 13.999999999996135 1.4945487678346503
3 13.999999999994543 1.4945487678346017
4 13.999999999998863 1.494548767834694
5 13.999999999992951 1.4945487678353875
6 14.000000000002046 1.4945487678360856
7 13.999999999994316 1.4945487678323126
8 13.99999999999227 1.494548767835383
9 13.999999999998863 1.4945487678337759
10 13.999999999997954 1.494548767840014
11 14.000000000003183 1.4945487678377738
12 13.999999999994088 1.4945487678336102
13 14.000000000001819 1.4945487678415705
14 14.00000000000432 1.4945487678417284
15 14.00000000000432 1.4945487678405516
16 14.000000000002501 1.494548767833388
17 13.999999999989313 1.4945487678286895
18 13.999999999989313 1.4945487678287008
19 13.999999999989313 1.4945487678287295
20 13.999999999989313 1.494548767828803
21 13.999999999989313 1.4945487678295404
22 13.999999999989313 1.4945487678324385
23 13.99999999999568 1.4945487678374318
24 14.0 1.4945487678380283
25 14.0 1.4945487678380283
26 14.0 1.4945487678380283
27 14.000000000005457 1.4945487678433726
28 14.000000000005912 1.4945487678435518
29 14.000000000006139 1.4945487678436196
30 14.000000000006366 1.4945487678437182
31 14.000000000006366 1.4945487678436973
32 14.000000000006366 1.4945487678436746
33 14.000000000006366 1.494548767843652
34 14.000000000006366 1.4945487678436293
35 14.000000000006366 1.4945487678436293
36 14.000000000006366 1.4945487678436293
37 14.000000000006366 1.4945487678436293
38 14.000000000006366 1.4945487678436293
39 14.000000000006366 1.4945487678436293
40 14.000000000006366 1.4945487678436293
41 14.000000000006366 1.4945487678436293
42 14.000000000006366 1.4945487678436293
43 14.000000000006366 1.4945487678436187
44 14.000000000006366 1.4945487678435845
45 14.000000000006366 1.4945487678428568
46 14.000000000005912 1.4945487678399645
47 14.0 1.4945487678380283
48 14.0 1.4945487678380283
49 14.0 1.4945487678380283
50 14.0 1.4945487678380283
51 14.0 1.4945487678380283
52 14.0 1.4945487678380283
53 14.0 1.4945487678380283
54 14.0 1.4945487678380283
55 14.0 1.4945487678380283
56 14.0 1.4945487678380283
57 14.0 1.4945487678380283
58 14.0 1.4945487678380283
59 14.0 1.4945487678380283
60 14.0 1.4945487678380283
61 14.0 1.4945487678380283
62 14.0 1.4945487678380283
63 14.0 1.4945487678380283
64 13.999999999997726 1.4945487678361877
65 13.999999999997726 1.49454876783612
66 13.999999999997954 1.4945487678362748
67 13.999999999997954 1.494548767836254
68 13.999999999997954 1.4945487678362417
69 13.999999999997954 1.4945487678362417
70 13.999999999997954 1.4945487678362417
71 13.999999999997954 1.4945487678362417
72 13.999999999997954 1.4945487678362417
73 13.999999999997954 1.4945487678362417
74 13.999999999997954 1.4945487678362417
75 13.999999999997954 1.4945487678362417
76 13.999999999997954 1.4945487678362417
77 13.999999999997954 1.4945487678362417
78 13.999999999997954 1.4945487678362417
79 13.999999999997954 1.4945487678362417
80 13.999999999997954 1.4945487678362417
81 13.999999999997954 1.4945487678362417
82 13.999999999997272 1.494548767835575
83 13.999999999996817 1.4945487678351406
84 13.99999999999659 1.4945487678350016
85 13.99999999999659 1.4945487678360323
86 14.0 1.4945487678380365
87 14.0 1.4945487678385356
88 14.000000000001364 1.49454876783975
89 14.000000000002046 1.4945487678398293
90 14.000000000002046 1.4945487678398293
91 14.000000000002046 1.4945487678398293
92 14.000000000002274 1.4945487678400784
93 14.000000000002274 1.4945487678401554
94 14.000000000002501 1.4945487678397642
95 14.000000000000682 1.494548767838609
96 14.00000000000091 1.494548767838791
97 14.00000000000091 1.4945487678385245
98 14.0 1.4945487678378746
99 13.999999999999545 1.494548767837463
100 13.999999999999318 1.4945487678374498
1 13.999999999999318 1.4945487678374265
2 13.999999999995907 1.49454876783468
3 13.999999999995225 1.4945487678349227
4 13.999999999996817 1.4945487678343112
5 13.999999999995907 1.4945487678359932
6 13.999999999997726 1.494548767833439
7 13.99999999999659 1.4945487678382514
8 14.000000000002501 1.4945487678355651
9 13.999999999994543 1.4945487678340859
10 13.999999999993406 1.4945487678329978
11 13.999999999993634 1.4945487678382292
12 14.000000000002501 1.494548767839269
13 13.999999999999545 1.494548767834134
14 13.999999999998181 1.4945487678406695
15 14.00000000000432 1.4945487678417682
16 14.00000000000432 1.4945487678416345
17 14.00000000000432 1.4945487678381573
18 13.999999999995225 1.4945487678297407
19 13.999999999989313 1.4945487678286882
20 13.999999999989313 1.4945487678286986
21 13.999999999989313 1.4945487678287241
22 13.999999999989313 1.4945487678287892
23 13.999999999989313 1.4945487678293303
24 13.999999999989313 1.4945487678319005
25 13.999999999994316 1.4945487678370453
26 14.0 1.4945487678380283
27 14.000000000005457 1.4945487678433726
28 14.000000000005912 1.4945487678435518
29 14.000000000006139 1.4945487678436196
30 14.000000000006366 1.4945487678437182
31 14.000000000006366 1.4945487678436973
32 14.000000000006366 1.4945487678436746
33 14.000000000006366 1.494548767843652
34 14.000000000006366 1.4945487678436293
35 14.000000000006366 1.4945487678436293
36 14.000000000006366 1.4945487678436293
37 14.000000000006366 1.4945487678436293
38 14.000000000006366 1.4945487678436293
39 14.000000000006366 1.4945487678436293
40 14.000000000006366 1.4945487678436293
41 14.000000000006366 1.4945487678436293
42 14.000000000006366 1.4945487678436293
43 14.000000000006366 1.4945487678436293
44 14.000000000006366 1.4945487678436284
45 14.000000000006366 1.4945487678436136
46 14.000000000006366 1.4945487678435678
47 14.000000000006366 1.4945487678424734
48 14.000000000004547 1.494548767839169
49 14.0 1.4945487678380283
50 14.0 1.4945487678380283
51 14.0 1.4945487678380283
52 14.0 1.4945487678380283
53 14.0 1.4945487678380283
54 14.0 1.4945487678380283
55 14.0 1.4945487678380283
56 14.0 1.4945487678380283
57 14.0 1.4945487678380283
58 14.0 1.4945487678380283
59 14.0 1.4945487678380283
60 14.0 1.4945487678380283
61 14.0 1.4945487678380283
62 14.0 1.4945487678380283
63 14.0 1.4945487678380283
64 13.999999999997726 1.4945487678361877
65 13.999999999997726 1.49454876783612
66 13.999999999997954 1.4945487678362748
67 13.999999999997954 1.494548767836254
68 13.999999999997954 1.4945487678362417
69 13.999999999997954 1.4945487678362417
70 13.999999999997954 1.4945487678362417
71 13.999999999997954 1.4945487678362417
72 13.999999999997954 1.4945487678362417
73 13.999999999997954 1.4945487678362417
74 13.999999999997954 1.4945487678362417
75 13.999999999997954 1.4945487678362417
76 13.999999999997954 1.4945487678362417
77 13.999999999997954 1.4945487678362417
78 13.999999999997954 1.4945487678362417
79 13.999999999997954 1.4945487678362417
80 13.999999999997954 1.4945487678362417
81 13.999999999997954 1.4945487678362417
82 13.999999999997272 1.494548767835575
83 13.999999999996817 1.4945487678351406
84 13.99999999999659 1.4945487678350016
85 13.99999999999659 1.4945487678350111
86 13.999999999997044 1.4945487678365337
87 14.0 1.4945487678380305
88 14.0 1.494548767838254
89 14.000000000000682 1.4945487678394789
90 14.000000000002046 1.4945487678398293
91 14.000000000002046 1.4945487678398293
92 14.000000000002274 1.4945487678400784
93 14.000000000002274 1.4945487678400728
94 14.000000000002501 1.4945487678402243
95 14.000000000002274 1.494548767839417
96 14.00000000000091 1.4945487678387999
97 14.00000000000091 1.49454876783885
98 14.000000000000682 1.4945487678384153
99 14.0 1.494548767837882
100 13.999999999999545 1.4945487678375309
1 13.999999999999545 1.494548767837549
2 13.999999999996817 1.4945487678346685
3 13.999999999995907 1.4945487678350011
4 13.999999999995907 1.4945487678346405
5 13.999999999995907 1.4945487678344576
6 13.999999999993179 1.494548767835044
7 14.000000000002046 1.494548767836076
8 13.999999999992497 1.4945487678353335
9 13.999999999998408 1.4945487678346954
10 14.000000000000455 1.4945487678362754
11 13.999999999999545 1.4945487678317544
12 13.99999999998795 1.494548767833051
13 13.99999999999909 1.4945487678388503
14 13.999999999996362 1.4945487678346394
15 14.00000000000432 1.4945487678418041
16 14.00000000000432 1.4945487678417884
17 14.00000000000432 1.4945487678417304
18 14.00000000000432 1.4945487678406546
19 14.000000000002956 1.4945487678337033
20 13.999999999989313 1.494548767828688
21 13.999999999989313 1.494548767828688
22 13.999999999989313 1.4945487678286973
23 13.999999999989313 1.4945487678287195
24 13.999999999989313 1.494548767828777
25 13.999999999989313 1.494548767829145
26 13.999999999989313 1.4945487678314238
27 13.999999999998408 1.4945487678418872
28 14.000000000005912 1.4945487678435518
29 14.000000000006139 1.4945487678436196
30 14.000000000006366 1.4945487678437182
31 14.000000000006366 1.4945487678436973
32 14.000000000006366 1.4945487678436746
33 14.000000000006366 1.494548767843652
34 14.000000000006366 1.4945487678436293
35 14.000000000006366 1.4945487678436293
36 14.000000000006366 1.4945487678436293
37 14.000000000006366 1.4945487678436293
38 14.000000000006366 1.4945487678436293
39 14.000000000006366 1.4945487678436293
40 14.000000000006366 1.4945487678436293
41 14.000000000006366 1.4945487678436293
42 14.000000000006366 1.4945487678436293
43 14.000000000006366 1.4945487678436293
44 14.000000000006366 1.4945487678436293
45 14.000000000006366 1.4945487678436293
46 14.000000000006366 1.4945487678436258
47 14.000000000006366 1.4945487678436082
48 14.000000000006366 1.4945487678434926
49 14.000000000006366 1.4945487678419855
50 14.000000000003183 1.4945487678385936
51 14.0 1.4945487678380283
52 14.0 1.4945487678380283
53 14.0 1.4945487678380283
54 14.0 1.4945487678380283
55 14.0 1.4945487678380283
56 14.0 1.4945487678380283
57 14.0 1.4945487678380283
58 14.0 1.4945487678380283
59 14.0 1.4945487678380283
60 14.0 1.4945487678380283
61 14.0 1.4945487678380283
62 14.0 1.4945487678380283
63 14.0 1.4945487678380283
64 13.999999999997726 1.4945487678361877
65 13.999999999997726 1.49454876783612
66 13.999999999997954 1.4945487678362748
67 13.999999999997954 1.494548767836254
68 13.999999999997954 1.4945487678362417
69 13.999999999997954 1.4945487678362417
70 13.999999999997954 1.4945487678362417
71 13.999999999997954 1.4945487678362417
72 13.999999999997954 1.4945487678362417
73 13.999999999997954 1.4945487678362417
74 13.999999999997954 1.4945487678362417
75 13.999999999997954 1.4945487678362417
76 13.999999999997954 1.4945487678362417
77 13.999999999997954 1.4945487678362417
78 13.999999999997954 1.4945487678362417
79 13.999999999997954 1.4945487678362417
80 13.999999999997954 1.4945487678362417
81 13.999999999997954 1.4945487678362417
82 13.999999999997272 1.494548767835575
83 13.999999999996817 1.4945487678351406
84 13.99999999999659 1.4945487678350016
85 13.99999999999659 1.4945487678350136
86 13.99999999999659 1.4945487678350313
87 13.999999999997499 1.4945487678369767
88 14.0 1.494548767838032
89 14.0 1.4945487678380869
90 14.0 1.4945487678390026
91 14.000000000002046 1.4945487678398293
92 14.000000000002274 1.4945487678400784
93 14.000000000002274 1.4945487678400646
94 14.000000000002501 1.4945487678402243
95 14.000000000002501 1.4945487678402145
96 14.000000000002046 1.4945487678392626
97 14.00000000000091 1.49454876783885
98 14.00000000000091 1.4945487678388325
99 14.000000000000682 1.4945487678382952
100 14.0 1.4945487678379017
1 14.0 1.4945487678378553
2 13.999999999996135 1.4945487678346676
3 13.999999999996362 1.4945487678344325
4 13.99999999999568 1.4945487678345393
5 13.999999999998181 1.4945487678352054
6 13.999999999994316 1.4945487678355969
7 13.999999999998863 1.4945487678335747
8 13.999999999992497 1.4945487678353586
9 13.999999999995453 1.4945487678346112
10 13.999999999997954 1.494548767835708
11 14.000000000002501 1.49454876783968
12 14.000000000005002 1.4945487678346907
13 13.999999999988631 1.4945487678296647
14 13.999999999990905 1.4945487678331695
15 13.999999999997499 1.494548767839638
16 14.00000000000432 1.4945487678418041
17 14.00000000000432 1.4945487678417981
18 14.00000000000432 1.4945487678417697
19 14.00000000000432 1.49454876784165
20 14.00000000000432 1.4945487678383556
21 13.99999999999568 1.494548767829891
22 13.999999999989313 1.494548767828688
23 13.999999999989313 1.494548767828688
24 13.999999999989313 1.494548767828696
25 13.999999999989313 1.4945487678287155
26 13.999999999989313 1.4945487678287663
27 13.999999999987722 1.494548767828159
28 13.999999999993861 1.4945487678395708
29 14.000000000006139 1.4945487678436196
30 14.000000000006366 1.4945487678437182
31 14.000000000006366 1.4945487678436973
32 14.000000000006366 1.4945487678436746
33 14.000000000006366 1.494548767843652
34 14.000000000006366 1.4945487678436293
35 14.000000000006366 1.4945487678436293
36 14.000000000006366 1.4945487678436293
37 14.000000000006366 1.4945487678436293
38 14.000000000006366 1.4945487678436293
39 14.000000000006366 1.4945487678436293
40 14.000000000006366 1.4945487678436293
41 14.000000000006366 1.4945487678436293
42 14.000000000006366 1.4945487678436293
43 14.000000000006366 1.4945487678436293
44 14.000000000006366 1.4945487678436293
45 14.000000000006366 1.4945487678436293
46 14.000000000006366 1.4945487678436293
47 14.000000000006366 1.4945487678436293
48 14.000000000006366 1.4945487678436231
49 14.000000000006366 1.4945487678436007
50 14.000000000006366 1.494548767843323
51 14.000000000006366 1.4945487678413658
52 14.000000000001819 1.4945487678382214
53 14.0 1.4945487678380283
54 14.0 1.4945487678380283
55 14.0 1.4945487678380283
56 14.0 1.4945487678380283
57 14.0 1.4945487678380283
58 14.0 1.4945487678380283
59 14.0 1.4945487678380283
60 14.0 1.4945487678380283
61 14.0 1.4945487678380283
62 14.0 1.4945487678380283
63 14.0 1.4945487678380283
64 13.999999999997726 1.4945487678361877
65 13.999999999997726 1.49454876783612
66 13.999999999997954 1.4945487678362748
67 13.999999999997954 1.494548767836254
68 13.999999999997954 1.4945487678362417
69 13.999999999997954 1.4945487678362417
70 13.999999999997954 1.4945487678362417
71 13.999999999997954 1.4945487678362417
72 13.999999999997954 1.4945487678362417
73 13.999999999997954 1.4945487678362417
74 13.999999999997954 1.4945487678362417
75 13.999999999997954 1.4945487678362417
76 13.999999999997954 1.4945487678362417
77 13.999999999997954 1.4945487678362417
78 13.999999999997954 1.4945487678362417
79 13.999999999997954 1.4945487678362417
80 13.999999999997954 1.4945487678362417
81 13.999999999997954 1.4945487678362417
82 13.999999999997272 1.494548767835575
83 13.999999999996817 1.4945487678351406
84 13.99999999999659 1.4945487678350016
85 13.99999999999659 1.4945487678350136
86 13.99999999999659 1.4945487678350189
87 13.99999999999659 1.4945487678350957
88 13.999999999998181 1.4945487678373468
89 14.0 1.494548767838032
90 14.0 1.4945487678380325
91 14.0 1.494548767838537
92 14.000000000001819 1.4945487678400167
93 14.000000000002274 1.4945487678400646
94 14.000000000002501 1.4945487678402243
95 14.000000000002501 1.4945487678402225
96 14.000000000002501 1.4945487678401816
97 14.000000000001819 1.4945487678392066
98 14.00000000000091 1.494548767838839
99 14.00000000000091 1.4945487678388074
100 14.000000000000682 1.4945487678383158
1 14.000000000000455 1.4945487678382798
2 13.999999999996135 1.4945487678347007
3 13.999999999996135 1.4945487678345974
4 13.999999999996362 1.4945487678346452
5 13.999999999996817 1.4945487678349165
6 13.99999999999909 1.4945487678344376
7 13.999999999990223 1.4945487678351639
8 14.000000000001819 1.4945487678373977
9 13.999999999997726 1.4945487678358833
10 13.999999999997954 1.4945487678329776
11 13.999999999988177 1.4945487678343428
12 14.000000000004547 1.494548767841684
13 14.000000000004775 1.4945487678384444
14 13.999999999997499 1.494548767831737
15 13.999999999988177 1.4945487678285787
16 13.999999999990905 1.494548767837016
17 14.00000000000432 1.4945487678418041
18 14.00000000000432 1.4945487678418041
19 14.00000000000432 1.494548767841789
20 14.00000000000432 1.4945487678417335
21 14.00000000000432 1.4945487678407552
22 14.00000000000341 1.4945487678340292
23 13.999999999989313 1.494548767828688
24 13.999999999989313 1.494548767828688
25 13.999999999989313 1.494548767828688
26 13.999999999989313 1.4945487678286946
27 13.999999999987722 1.4945487678270881
28 13.999999999987267 1.4945487678271783
29 13.999999999993179 1.4945487678371043
30 14.000000000003183 1.494548767843118
31 14.000000000006366 1.4945487678436973
32 14.000000000006366 1.4945487678436746
33 14.000000000006366 1.494548767843652
34 14.000000000006366 1.4945487678436293
35 14.000000000006366 1.4945487678436293
36 14.000000000006366 1.4945487678436293
37 14.000000000006366 1.4945487678436293
38 14.000000000006366 1.4945487678436293
39 14.000000000006366 1.4945487678436293
40 14.000000000006366 1.4945487678436293
41 14.000000000006366 1.4945487678436293
42 14.000000000006366 1.4945487678436293
43 14.000000000006366 1.4945487678436293
44 14.000000000006366 1.4945487678436293
45 14.000000000006366 1.4945487678436293
46 14.000000000006366 1.4945487678436293
47 14.000000000006366 1.4945487678436293
48 14.000000000006366 1.4945487678436293
49 14.000000000006366 1.4945487678436293
50 14.000000000006366 1.4945487678436205
51 14.000000000006366 1.4945487678435916
52 14.000000000006366 1.494548767843066
53 14.000000000006366 1.494548767840578
54 14.000000000000455 1.4945487678380387
55 14.0 1.4945487678380283
56 14.0 1.4945487678380283
57 14.0 1.4945487678380283
58 14.0 1.4945487678380283
59 14.0 1.4945487678380283
60 14.0 1.4945487678380283
61 14.0 1.4945487678380283
62 14.0 1.4945487678380283
63 14.0 1.4945487678380283
64 13.999999999997726 1.4945487678361877
65 13.999999999997726 1.49454876783612
66 13.999999999997954 1.4945487678362748
67 13.999999999997954 1.494548767836254
68 13.999999999997954 1.4945487678362417
69 13.999999999997954 1.4945487678362417
70 13.999999999997954 1.4945487678362417
71 13.999999999997954 1.4945487678362417
72 13.999999999997954 1.4945487678362417
73 13.999999999997954 1.4945487678362417
74 13.999999999997954 1.4945487678362417
75 13.999999999997954 1.4945487678362417
76 13.999999999997954 1.4945487678362417
77 13.999999999997954 1.4945487678362417
78 13.999999999997954 1.4945487678362417
79 13.999999999997954 1.4945487678362417
80 13.999999999997954 1.4945487678362417
81 13.999999999997954 1.4945487678362417
82 13.999999999997272 1.494548767835575
83 13.999999999996817 1.4945487678351406
84 13.99999999999659 1.4945487678350016
85 13.99999999999659 1.4945487678350136
86 13.99999999999659 1.4945487678350189
87 13.99999999999659 1.4945487678350198
88 13.99999999999659 1.49454876783523
89 13.999999999998636 1.4945487678376268
90 14.0 1.494548767838032
91 14.0 1.494548767838032
92 14.0 1.4945487678383396
93 14.000000000001364 1.4945487678398623
94 14.000000000002501 1.4945487678402243
95 14.000000000002501 1.4945487678402225
96 14.000000000002501 1.4945487678402136
97 14.000000000002501 1.4945487678400922
98 14.000000000001819 1.4945487678391718
99 14.00000000000091 1.494548767838835
100 14.00000000000091 1.4945487678387575
1 14.00000000000091 1.4945487678387046
2 13.999999999997044 1.4945487678346756
3 13.999999999995907 1.4945487678348706
4 13.999999999997954 1.4945487678348037
5 13.999999999994316 1.494548767835665
6 13.999999999999318 1.4945487678358544
7 13.999999999997499 1.494548767835797
8 13.99999999999568 1.4945487678318519
9 13.999999999992042 1.4945487678332143
10 13.999999999999318 1.4945487678392535
11 14.00000000000432 1.494548767836201
12 13.999999999989768 1.4945487678313796
13 13.99999999999909 1.494548767840828
14 14.000000000003638 1.4945487678401657
15 14.000000000004775 1.4945487678347624
16 13.999999999987722 1.4945487678274127
17 13.999999999987722 1.4945487678325542
18 14.000000000001364 1.4945487678415088
19 14.00000000000432 1.4945487678418041
20 14.00000000000432 1.4945487678417986
21 14.00000000000432 1.4945487678417713
22 14.00000000000432 1.4945487678416625
23 14.00000000000432 1.4945487678385463
24 13.999999999996135 1.4945487678300495
25 13.999999999989313 1.494548767828688
26 13.999999999989313 1.494548767828688
27 13.999999999987722 1.4945487678271194
28 13.999999999987267 1.4945487678268055
29 13.999999999984539 1.4945487678267217
30 13.999999999995453 1.4945487678367029
31 13.999999999999773 1.4945487678412976
32 14.000000000006366 1.4945487678436746
33 14.000000000006366 1.494548767843652
34 14.000000000006366 1.4945487678436293
35 14.000000000006366 1.4945487678436293
36 14.000000000006366 1.4945487678436293
37 14.000000000006366 1.4945487678436293
38 14.000000000006366 1.4945487678436293
39 14.000000000006366 1.4945487678436293
40 14.000000000006366 1.4945487678436293
41 14.000000000006366 1.4945487678436293
42 14.000000000006366 1.4945487678436293
43 14.000000000006366 1.4945487678436293
44 14.000000000006366 1.4945487678436293
45 14.000000000006366 1.4945487678436293
46 14.000000000006366 1.4945487678436293
47 14.000000000006366 1.4945487678436293
48 14.000000000006366 1.4945487678436293
49 14.000000000006366 1.4945487678436293
50 14.000000000006366 1.4945487678436293
51 14.000000000006366 1.4945487678436293
52 14.000000000006366 1.4945487678436171
53 14.000000000006366 1.49454876784358
54 14.000000000006366 1.494548767842739
55 14.000000000005457 1.4945487678396778
56 14.0 1.4945487678380283
57 14.0 1.4945487678380283
58 14.0 1.4945487678380283
59 14.0 1.4945487678380283
60 14.0 1.4945487678380283
61 14.0 1.4945487678380283
62 14.0 1.4945487678380283
63 14.0 1.4945487678380283
64 13.999999999997726 1.4945487678361877
65 13.999999999997726 1.49454876783612
66 13.999999999997954 1.4945487678362748
67 13.999999999997954 1.494548767836254
68 13.999999999997954 1.4945487678362417
69 13.999999999997954 1.4945487678362417
70 13.999999999997954 1.4945487678362417
71 13.999999999997954 1.4945487678362417
72 13.999999999997954 1.4945487678362417
73 13.999999999997954 1.4945487678362417
74 13.999999999997954 1.4945487678362417
75 13.999999999997954 1.4945487678362417
76 13.999999999997954 1.4945487678362417
77 13.999999999997954 1.4945487678362417
78 13.999999999997954 1.4945487678362417
79 13.999999999997954 1.4945487678362417
80 13.999999999997954 1.4945487678362417
81 13.999999999997954 1.4945487678362417
82 13.999999999997272 1.494548767835575
83 13.999999999996817 1.4945487678351406
84 13.99999999999659 1.4945487678350016
85 13.99999999999659 1.4945487678350136
86 13.99999999999659 1.4945487678350189
87 13.99999999999659 1.4945487678350198
88 13.99999999999659 1.4945487678350198
89 13.99999999999659 1.4945487678354616
90 13.99999999999909 1.4945487678378488
91 14.0 1.494548767838032
92 14.0 1.4945487678380172
93 13.999999999999773 1.4945487678383396
94 14.000000000001137 1.4945487678395935
95 14.000000000002274 1.494548767840219
96 14.000000000002501 1.4945487678402136
97 14.000000000002501 1.4945487678402238
98 14.000000000002501 1.4945487678399891
99 14.000000000001592 1.4945487678391054
100 14.00000000000091 1.4945487678388372
1 14.00000000000091 1.4945487678388543
2 13.999999999996817 1.4945487678346756
3 13.999999999997726 1.4945487678348635
4 13.999999999993861 1.494548767834844
5 13.999999999999773 1.4945487678364309
6 13.999999999997954 1.4945487678333171
7 13.999999999992951 1.4945487678333056
8 13.999999999999545 1.4945487678400327
9 14.000000000002274 1.4945487678374176
10 13.999999999992951 1.4945487678298095
11 13.99999999999227 1.4945487678376261
12 14.000000000004547 1.4945487678389469
13 13.999999999995453 1.4945487678307587
14 13.999999999992497 1.4945487678376461
15 14.000000000004775 1.4945487678420748
16 14.000000000004775 1.4945487678382816
17 13.999999999993406 1.494548767828268
18 13.999999999987722 1.4945487678296427
19 13.999999999995225 1.494548767839529
20 14.00000000000432 1.4945487678418041
21 14.00000000000432 1.4945487678418041
22 14.00000000000432 1.49454876784179
23 14.00000000000432 1.4945487678417366
24 14.00000000000432 1.4945487678408518
25 14.000000000003865 1.4945487678343634
26 13.999999999989313 1.494548767828688
27 13.999999999987722 1.4945487678271194
28 13.999999999987267 1.4945487678268063
29 13.999999999984539 1.4945487678246017
30 13.999999999984766 1.4945487678284382
31 13.999999999997726 1.494548767836654
32 13.999999999998408 1.4945487678389127
33 14.00000000000432 1.494548767843385
34 14.000000000006366 1.4945487678436293
35 14.000000000006366 1.4945487678436293
36 14.000000000006366 1.4945487678436293
37 14.000000000006366 1.4945487678436293
38 14.000000000006366 1.4945487678436293
39 14.000000000006366 1.4945487678436293
40 14.000000000006366 1.4945487678436293
41 14.000000000006366 1.4945487678436293
42 14.000000000006366 1.4945487678436293
43 14.000000000006366 1.4945487678436293
44 14.000000000006366 1.4945487678436293
45 14.000000000006366 1.4945487678436293
46 14.000000000006366 1.4945487678436293
47 14.000000000006366 1.4945487678436293
48 14.000000000006366 1.4945487678436293
49 14.000000000006366 1.4945487678436293
50 14.000000000006366 1.4945487678436293
51 14.000000000006366 1.4945487678436293
52 14.000000000006366 1.4945487678436293
53 14.000000000006366 1.4945487678436276
54 14.000000000006366 1.4945487678436118
55 14.000000000006366 1.4945487678435518
56 14.000000000006366 1.4945487678423235
57 14.000000000004093 1.49454876783895
58 14.0 1.4945487678380283
59 14.0 1.4945487678380283
60 14.0 1.4945487678380283
61 14.0 1.4945487678380283
62 14.0 1.4945487678380283
63 14.0 1.4945487678380283
64 13.999999999997726 1.4945487678361877
65 13.999999999997726 1.49454876783612
66 13.999999999997954 1.4945487678362748
67 13.999999999997954 1.494548767836254
68 13.999999999997954 1.4945487678362417
69 13.999999999997954 1.4945487678362417
70 13.999999999997954 1.4945487678362417
71 13.999999999997954 1.4945487678362417
72 13.999999999997954 1.4945487678362417
73 13.999999999997954 1.4945487678362417
74 13.999999999997954 1.4945487678362417
75 13.999999999997954 1.4945487678362417
76 13.999999999997954 1.4945487678362417
77 13.999999999997954 1.4945487678362417
78 13.999999999997954 1.4945487678362417
79 13.999999999997954 1.4945487678362417
80 13.999999999997954 1.4945487678362417
81 13.999999999997954 1.4945487678362417
82 13.999999999997272 1.494548767835575
83 13.999999999996817 1.4945487678351406
84 13.99999999999659 1.4945487678350085
85 13.99999999999659 1.4945487678350136
86 13.99999999999659 1.4945487678350189
87 13.99999999999659 1.4945487678350198
88 13.99999999999659 1.4945487678350198
89 13.99999999999659 1.4945487678350198
90 13.99999999999659 1.494548767835799
91 13.999999999999545 1.4945487678379952
92 14.0 1.4945487678380176
93 13.999999999999545 1.4945487678376181
94 14.0 1.4945487678384997
95 14.000000000001137 1.4945487678393978
96 14.000000000002046 1.494548767840158
97 14.000000000002501 1.4945487678402238
98 14.000000000002501 1.4945487678402345
99 14.000000000002501 1.4945487678398488
100 14.000000000001592 1.494548767839116
1 14.000000000001364 1.494548767839127
2 13.99999999999659 1.4945487678346545
3 13.999999999995453 1.4945487678346114
4 13.999999999996817 1.4945487678348999
5 14.000000000000227 1.4945487678351388
6 13.999999999993406 1.4945487678364824
7 14.000000000000682 1.4945487678383913
8 13.999999999999318 1.4945487678332257
9 13.99999999999136 1.494548767836536
10 14.000000000003865 1.4945487678406786
11 13.999999999999773 1.4945487678316653
12 13.999999999987722 1.4945487678334273
13 14.000000000003183 1.4945487678408065
14 14.000000000001364 1.4945487678325815
15 13.999999999987494 1.494548767833801
16 14.000000000003865 1.4945487678420708
17 14.000000000004775 1.4945487678404539
18 13.99999999999909 1.4945487678306957
19 13.999999999987722 1.4945487678279548
20 13.999999999989086 1.4945487678356968
21 14.00000000000432 1.4945487678418041
22 14.00000000000432 1.4945487678418041
23 14.00000000000432 1.494548767841799
24 14.00000000000432 1.4945487678417726
25 14.00000000000432 1.494548767841671
26 14.00000000000432 1.4945487678387295
27 13.999999999994998 1.494548767828653
28 13.999999999987267 1.4945487678268063
29 13.999999999984539 1.494548767824594
30 13.999999999984766 1.4945487678247242
31 13.999999999986358 1.4945487678305256
32 13.999999999998408 1.4945487678366467
33 13.999999999998408 1.494548767837516
34 14.00000000000091 1.4945487678420042
35 14.000000000006366 1.4945487678436293
36 14.000000000006366 1.4945487678436293
37 14.000000000006366 1.4945487678436293
38 14.000000000006366 1.4945487678436293
39 14.000000000006366 1.4945487678436293
40 14.000000000006366 1.4945487678436293
41 14.000000000006366 1.4945487678436293
42 14.000000000006366 1.4945487678436293
43 14.000000000006366 1.4945487678436293
44 14.000000000006366 1.4945487678436293
45 14.000000000006366 1.4945487678436293
46 14.000000000006366 1.4945487678436293
47 14.000000000006366 1.4945487678436293
48 14.000000000006366 1.4945487678436293
49 14.000000000006366 1.4945487678436293
50 14.000000000006366 1.4945487678436293
51 14.000000000006366 1.4945487678436293
52 14.000000000006366 1.4945487678436293
53 14.000000000006366 1.4945487678436293
54 14.000000000006366 1.4945487678436293
55 14.000000000006366 1.494548767843625
56 14.000000000006366 1.494548767843606
57 14.000000000006366 1.4945487678434477
58 14.000000000006366 1.4945487678417952
59 14.000000000002728 1.4945487678384513
60 14.0 1.4945487678380283
61 14.0 1.4945487678380283
62 14.0 1.4945487678380283
63 14.0 1.4945487678380283
64 13.999999999997726 1.4945487678361877
65 13.999999999997726 1.49454876783612
66 13.999999999997954 1.4945487678362748
67 13.999999999997954 1.494548767836254
68 13.999999999997954 1.4945487678362417
69 13.999999999997954 1.4945487678362417
70 13.999999999997954 1.4945487678362417
71 13.999999999997954 1.4945487678362417
72 13.999999999997954 1.4945487678362417
73 13.999999999997954 1.4945487678362417
74 13.999999999997954 1.4945487678362417
75 13.999999999997954 1.4945487678362417
76 13.999999999997954 1.4945487678362417
77 13.999999999997954 1.4945487678362417
78 13.999999999997954 1.4945487678362417
79 13.999999999997954 1.4945487678362417
80 13.999999999997954 1.4945487678362417
81 13.999999999997954 1.4945487678362417
82 13.999999999997272 1.494548767835575
83 13.999999999996817 1.4945487678351406
84 13.99999999999659 1.4945487678350142
85 13.99999999999659 1.4945487678350136
86 13.99999999999659 1.4945487678350189
87 13.99999999999659 1.4945487678350198
88 13.99999999999659 1.4945487678350198
89 13.99999999999659 1.4945487678350198
90 13.99999999999659 1.4945487678350198
91 13.999999999996817 1.4945487678362666
92 14.0 1.4945487678380176
93 13.999999999999545 1.494548767837616
94 13.999999999999545 1.4945487678376463
95 14.000000000000227 1.4945487678386569
96 14.000000000001364 1.4945487678393539
97 14.000000000001819 1.4945487678400877
98 14.000000000002501 1.4945487678402345
99 14.000000000002501 1.4945487678402323
100 14.000000000002274 1.494548767839766
1 14.000000000002046 1.494548767839655
2 13.999999999998636 1.4945487678352725
3 13.99999999999477 1.4945487678345704
4 13.999999999997499 1.4945487678350533
5 13.999999999997272 1.4945487678340732
6 13.999999999994998 1.4945487678359515
7 13.999999999997954 1.494548767834203
8 13.999999999997954 1.4945487678400966
9 14.000000000003183 1.4945487678377656
10 13.999999999993179 1.4945487678324207
11 14.0 1.4945487678412055
12 14.000000000004547 1.4945487678357983
13 13.999999999989086 1.4945487678304734
14 13.999999999997272 1.4945487678401417
15 14.000000000004775 1.494548767836335
16 13.999999999989768 1.4945487678307456
17 13.999999999998408 1.4945487678409237
18 14.000000000004775 1.4945487678417062
19 14.000000000004775 1.4945487678346963
20 13.999999999987722 1.4945487678273266
21 13.999999999987722 1.4945487678315226
22 13.999999999999545 1.49454876784109
23 14.00000000000432 1.4945487678418041
24 14.00000000000432 1.4945487678418041
25 14.00000000000432 1.4945487678417908
26 14.00000000000432 1.4945487678417395
27 14.000000000004775 1.494548767841101
28 14.000000000000227 1.4945487678312366
29 13.999999999984539 1.494548767824594
30 13.999999999984766 1.4945487678247242
31 13.999999999984766 1.4945487678247191
32 13.999999999988631 1.494548767832432
33 13.999999999998408 1.4945487678366405
34 13.999999999998408 1.4945487678368061
35 13.999999999998408 1.4945487678396137
36 14.000000000005457 1.4945487678435694
37 14.000000000006366 1.4945487678436293
38 14.000000000006366 1.4945487678436293
39 14.000000000006366 1.4945487678436293
40 14.000000000006366 1.4945487678436293
41 14.000000000006366 1.4945487678436293
42 14.000000000006366 1.4945487678436293
43 14.000000000006366 1.4945487678436293
44 14.000000000006366 1.4945487678436293
45 14.000000000006366 1.4945487678436293
46 14.000000000006366 1.4945487678436293
47 14.000000000006366 1.4945487678436293
48 14.000000000006366 1.4945487678436293
49 14.000000000006366 1.4945487678436293
50 14.000000000006366 1.4945487678436293
51 14.000000000006366 1.4945487678436293
52 14.000000000006366 1.4945487678436293
53 14.000000000006366 1.4945487678436293
54 14.000000000006366 1.4945487678436293
55 14.000000000006366 1.4945487678436293
56 14.000000000006366 1.4945487678436293
57 14.000000000006366 1.4945487678436222
58 14.000000000006366 1.494548767843598
59 14.000000000006366 1.4945487678432439
60 14.000000000006366 1.4945487678411238
61 14.000000000001364 1.494548767838137
62 14.0 1.4945487678380283
63 14.0 1.4945487678380283
64 13.999999999997726 1.4945487678361877
65 13.999999999997726 1.49454876783612
66 13.999999999997954 1.4945487678362748
67 13.999999999997954 1.494548767836254
68 13.999999999997954 1.4945487678362417
69 13.999999999997954 1.4945487678362417
70 13.999999999997954 1.4945487678362417
71 13.999999999997954 1.4945487678362417
72 13.999999999997954 1.4945487678362417
73 13.999999999997954 1.4945487678362417
74 13.999999999997954 1.4945487678362417
75 13.999999999997954 1.4945487678362417
76 13.999999999997954 1.4945487678362417
77 13.999999999997954 1.4945487678362417
78 13.999999999997954 1.4945487678362417
79 13.999999999997954 1.4945487678362417
80 13.999999999997954 1.4945487678362417
81 13.999999999997954 1.4945487678362417
82 13.999999999997272 1.494548767835575
83 13.999999999996817 1.4945487678351406
84 13.99999999999659 1.4945487678350142
85 13.99999999999659 1.4945487678350136
86 13.99999999999659 1.4945487678350189
87 13.99999999999659 1.4945487678350198
88 13.99999999999659 1.4945487678350198
89 13.99999999999659 1.4945487678350198
90 13.99999999999659 1.4945487678350198
91 13.99999999999659 1.494548767835021
92 13.999999999997272 1.4945487678367109
93 13.999999999999545 1.494548767837616
94 13.999999999999545 1.4945487678376301
95 13.999999999999545 1.4945487678376823
96 14.000000000000455 1.494548767838837
97 14.000000000001364 1.4945487678392835
98 14.000000000001819 1.4945487678399938
99 14.000000000002501 1.4945487678402356
100 14.000000000002501 1.4945487678402205
1 14.000000000002501 1.4945487678401528
2 14.000000000001364 1.4945487678385916
3 13.999999999995453 1.4945487678348188
4 13.999999999997272 1.4945487678345095
5 13.999999999994088 1.4945487678348408
6 13.999999999997272 1.4945487678347482
7 13.999999999997726 1.494548767835008
8 13.999999999998636 1.4945487678342986
9 13.999999999994316 1.4945487678386762
10 14.000000000002956 1.4945487678403135
11 14.000000000000227 1.4945487678337785
12 13.999999999994543 1.4945487678393603
13 14.000000000004547 1.4945487678389662
14 13.999999999994998 1.4945487678300007
15 13.999999999991587 1.4945487678374965
16 14.000000000004775 1.4945487678392326
17 13.999999999995225 1.4945487678302642
18 13.999999999992951 1.4945487678384346
19 14.000000000004775 1.4945487678420661
