101 14.0 1.4945487678380283
102 14.0 1.4945487678380283
103 14.0 1.4945487678380283
104 14.0 1.4945487678380283
105 14.0 1.4945487678380283
106 14.0 1.4945487678380283
107 14.0 1.4945487678380283
108 14.0 1.4945487678380283
109 14.0 1.4945487678380283
110 14.0 1.4945487678380283
111 14.0 1.4945487678380283
112 14.0 1.4945487678380283
113 14.0 1.4945487678380283
114 14.0 1.4945487678380283
115 14.0 1.4945487678380283
116 14.0 1.4945487678380283
117 14.0 1.4945487678380283
118 14.0 1.4945487678380283
119 14.0 1.4945487678380283
120 14.0 1.4945487678380283
121 14.0 1.4945487678380283
122 14.0 1.4945487678380283
123 14.0 1.4945487678380283
124 14.0 1.4945487678380283
125 14.0 1.4945487678380283
126 14.0 1.4945487678380283
127 14.0 1.4945487678380283
128 14.0 1.4945487678380283
129 14.0 1.4945487678380283
130 14.0 1.4945487678380283
131 14.0 1.4945487678380283
132 14.0 1.4945487678380283
133 14.0 1.4945487678380283
134 14.0 1.4945487678380283
135 14.0 1.4945487678380283
136 14.0 1.4945487678380283
137 14.0 1.4945487678380283
138 14.0 1.4945487678380283
139 14.0 1.4945487678380283
140 14.0 1.4945487678380283
141 14.0 1.4945487678380283
142 14.0 1.4945487678380283
143 14.0 1.4945487678380283
144 14.0 1.4945487678380283
145 14.0 1.4945487678380283
146 14.0 1.4945487678380283
147 14.0 1.4945487678380283
148 14.0 1.4945487678380283
149 14.0 1.4945487678380283
150 14.0 1.4945487678380283
151 14.0 1.4945487678380283
152 14.0 1.4945487678380283
153 14.0 1.4945487678380283
154 14.0 1.4945487678380283
155 14.0 1.4945487678380283
156 14.0 1.4945487678380283
157 14.0 1.4945487678380283
158 14.0 1.4945487678380283
159 14.0 1.4945487678380283
160 14.0 1.4945487678380283
161 14.0 1.4945487678380283
162 14.0 1.4945487678380283
163 14.0 1.4945487678380283
164 14.0 1.4945487678380283
165 14.0 1.4945487678380283
166 14.0 1.4945487678380283
167 14.0 1.4945487678380283
168 14.0 1.4945487678380283
169 14.0 1.4945487678380283
170 14.0 1.4945487678380283
171 14.0 1.4945487678380283
172 14.0 1.4945487678380283
173 14.0 1.4945487678380283
174 14.0 1.4945487678380283
175 14.0 1.4945487678380283
176 14.0 1.4945487678380283
177 14.0 1.4945487678380283
178 14.0 1.4945487678380283
179 14.0 1.4945487678380283
180 14.0 1.4945487678380283
181 14.0 1.4945487678380283
182 14.0 1.4945487678380283
183 14.0 1.4945487678380283
184 14.0 1.4945487678380283
185 14.0 1.4945487678380283
186 14.0 1.4945487678380283
187 14.0 1.4945487678380283
188 14.0 1.4945487678380283
189 14.0 1.4945487678380283
190 14.0 1.4945487678380283
191 14.0 1.4945487678380283
192 14.0 1.4945487678380283
193 14.0 1.4945487678380283
194 14.0 1.4945487678380283
195 14.0 1.4945487678380283
196 14.0 1.4945487678380283
197 14.0 1.4945487678380283
198 14.0 1.4945487678380283
199 14.0 1.4945487678380283
200 14.0 1.4945487678380283
101 13.999999999997954 1.4945487678342309
102 13.999999999994088 1.4945487678369114
103 14.0 1.4945487678380283
104 14.0 1.4945487678380283
105 14.0 1.4945487678380283
106 14.0 1.4945487678380283
107 14.0 1.4945487678380283
108 14.0 1.4945487678380283
109 14.0 1.4945487678380283
110 14.0 1.4945487678380283
111 14.0 1.4945487678380283
112 14.0 1.4945487678380283
113 14.0 1.4945487678380283
114 14.0 1.4945487678380283
115 14.0 1.4945487678380283
116 14.0 1.4945487678380283
117 14.0 1.4945487678380283
118 14.0 1.4945487678380283
119 14.0 1.4945487678380283
120 14.0 1.4945487678380283
121 14.0 1.4945487678380283
122 14.0 1.4945487678380283
123 14.0 1.4945487678380283
124 14.0 1.4945487678380283
125 14.0 1.4945487678380283
126 14.0 1.4945487678380283
127 14.0 1.4945487678380283
128 14.000000000006821 1.4945487678423122
129 14.000000000004547 1.494548767839163
130 14.0 1.4945487678380283
131 14.0 1.4945487678380283
132 14.0 1.4945487678380283
133 14.0 1.4945487678380283
134 14.0 1.4945487678380283
135 14.0 1.4945487678380283
136 14.0 1.4945487678380283
137 14.0 1.4945487678380283
138 14.0 1.4945487678380283
139 14.0 1.4945487678380283
140 14.0 1.4945487678380283
141 14.0 1.4945487678380283
142 14.0 1.4945487678380283
143 14.0 1.4945487678380283
144 14.0 1.4945487678380283
145 14.0 1.4945487678380283
146 14.0 1.4945487678380283
147 14.0 1.4945487678380283
148 14.0 1.4945487678380283
149 14.0 1.4945487678380283
150 14.0 1.4945487678380283
151 14.0 1.4945487678380283
152 14.0 1.4945487678380283
153 14.0 1.4945487678380283
154 14.0 1.4945487678380283
155 14.0 1.4945487678380283
156 14.0 1.4945487678380283
157 14.0 1.4945487678380283
158 14.0 1.4945487678380283
159 14.0 1.4945487678380283
160 14.0 1.4945487678380283
161 14.0 1.4945487678380283
162 14.0 1.4945487678380283
163 14.0 1.4945487678380283
164 13.999999999998181 1.4945487678362925
165 13.999999999998181 1.4945487678367355
166 13.999999999997954 1.4945487678374425
167 14.0 1.4945487678380283
168 14.0 1.4945487678380283
169 14.0 1.4945487678380283
170 14.0 1.4945487678380283
171 14.0 1.4945487678380283
172 14.0 1.4945487678380283
173 14.0 1.4945487678380283
174 14.0 1.4945487678380283
175 14.0 1.4945487678380283
176 14.0 1.4945487678380283
177 14.0 1.4945487678380283
178 14.0 1.4945487678380283
179 14.0 1.4945487678380283
180 14.0 1.4945487678380283
181 14.0 1.4945487678380283
182 14.0 1.4945487678380283
183 14.000000000002274 1.4945487678393015
184 14.000000000000682 1.4945487678381244
185 14.0 1.4945487678380283
186 14.0 1.4945487678380283
187 14.0 1.4945487678380283
188 14.0 1.4945487678380283
189 14.0 1.4945487678380283
190 14.0 1.4945487678380283
191 14.0 1.4945487678380283
192 14.0 1.4945487678380283
193 14.0 1.4945487678380283
194 14.0 1.4945487678380283
195 14.0 1.4945487678380283
196 13.999999999999545 1.4945487678376517
197 13.999999999999773 1.4945487678379203
198 14.0 1.4945487678380283
199 14.000000000000227 1.4945487678381741
200 14.0 1.4945487678380283
101 13.999999999997272 1.4945487678348115
102 13.999999999997044 1.4945487678358698
103 13.999999999997272 1.4945487678328508
104 13.999999999992497 1.494548767836282
105 14.0 1.4945487678380283
106 14.0 1.4945487678380283
107 14.0 1.4945487678380283
108 14.0 1.4945487678380283
109 14.0 1.4945487678380283
110 14.0 1.4945487678380283
111 14.0 1.4945487678380283
112 14.0 1.4945487678380283
113 14.0 1.4945487678380283
114 14.0 1.4945487678380283
115 14.0 1.4945487678380283
116 14.0 1.4945487678380283
117 14.0 1.4945487678380283
118 14.0 1.4945487678380283
119 14.0 1.4945487678380283
120 14.0 1.4945487678380283
121 14.0 1.4945487678380283
122 14.0 1.4945487678380283
123 14.0 1.4945487678380283
124 14.0 1.4945487678380283
125 14.0 1.4945487678380283
126 14.0 1.4945487678380283
127 14.0 1.4945487678380283
128 14.000000000006821 1.4945487678435263
129 14.000000000006821 1.494548767843462
130 14.000000000006594 1.494548767841796
131 14.000000000002728 1.4945487678384513
132 14.0 1.4945487678380283
133 14.0 1.4945487678380283
134 14.0 1.4945487678380283
135 14.0 1.4945487678380283
136 14.0 1.4945487678380283
137 14.0 1.4945487678380283
138 14.0 1.4945487678380283
139 14.0 1.4945487678380283
140 14.0 1.4945487678380283
141 14.0 1.4945487678380283
142 14.0 1.4945487678380283
143 14.0 1.4945487678380283
144 14.0 1.4945487678380283
145 14.0 1.4945487678380283
146 14.0 1.4945487678380283
147 14.0 1.4945487678380283
148 14.0 1.4945487678380283
149 14.0 1.4945487678380283
150 14.0 1.4945487678380283
151 14.0 1.4945487678380283
152 14.0 1.4945487678380283
153 14.0 1.4945487678380283
154 14.0 1.4945487678380283
155 14.0 1.4945487678380283
156 14.0 1.4945487678380283
157 14.0 1.4945487678380283
158 14.0 1.4945487678380283
159 14.0 1.4945487678380283
160 14.0 1.4945487678380283
161 14.0 1.4945487678380283
162 14.0 1.4945487678380283
163 14.0 1.4945487678380283
164 13.999999999998181 1.4945487678362335
165 13.999999999998181 1.4945487678363019
166 13.999999999997954 1.4945487678361784
167 13.999999999997954 1.4945487678363645
168 13.999999999997954 1.494548767836799
169 13.999999999998181 1.4945487678376492
170 14.0 1.4945487678380283
171 14.0 1.4945487678380283
172 14.0 1.4945487678380283
173 14.0 1.4945487678380283
174 14.0 1.4945487678380283
175 14.0 1.4945487678380283
176 14.0 1.4945487678380283
177 14.0 1.4945487678380283
178 14.0 1.4945487678380283
179 14.0 1.4945487678380283
180 14.0 1.4945487678380283
181 14.0 1.4945487678380283
182 14.0 1.4945487678380283
183 14.000000000002274 1.4945487678398526
184 14.000000000002274 1.4945487678396299
185 14.000000000001364 1.494548767838376
186 14.0 1.4945487678380283
187 14.0 1.4945487678380283
188 14.0 1.4945487678380283
189 14.0 1.4945487678380283
190 14.0 1.4945487678380283
191 14.0 1.4945487678380283
192 14.0 1.4945487678380283
193 14.0 1.4945487678380283
194 14.0 1.4945487678380283
195 14.0 1.4945487678380283
196 13.999999999999545 1.4945487678375964
197 13.999999999999545 1.4945487678376115
198 13.999999999999545 1.494548767837722
199 14.0 1.494548767838113
200 14.000000000000227 1.4945487678381761
101 13.999999999997272 1.4945487678347353
102 13.999999999997954 1.494548767835129
103 13.999999999993861 1.4945487678366156
104 14.000000000003638 1.494548767836496
105 13.999999999992497 1.4945487678309526
106 13.999999999990905 1.4945487678354872
107 14.0 1.4945487678380283
108 14.0 1.4945487678380283
109 14.0 1.4945487678380283
110 14.0 1.4945487678380283
111 14.0 1.4945487678380283
112 14.0 1.4945487678380283
113 14.0 1.4945487678380283
114 14.0 1.4945487678380283
115 14.0 1.4945487678380283
116 14.0 1.4945487678380283
117 14.0 1.4945487678380283
118 14.0 1.4945487678380283
119 14.0 1.4945487678380283
120 14.0 1.4945487678380283
121 14.0 1.4945487678380283
122 14.0 1.4945487678380283
123 14.0 1.4945487678380283
124 14.0 1.4945487678380283
125 14.0 1.4945487678380283
126 14.0 1.4945487678380283
127 14.0 1.4945487678380283
128 14.000000000006821 1.4945487678436216
129 14.000000000006821 1.494548767843757
130 14.000000000006594 1.4945487678436296
131 14.000000000006366 1.4945487678431266
132 14.000000000006366 1.4945487678409988
133 14.00000000000091 1.4945487678381015
134 14.0 1.4945487678380283
135 14.0 1.4945487678380283
136 14.0 1.4945487678380283
137 14.0 1.4945487678380283
138 14.0 1.4945487678380283
139 14.0 1.4945487678380283
140 14.0 1.4945487678380283
141 14.0 1.4945487678380283
142 14.0 1.4945487678380283
143 14.0 1.4945487678380283
144 14.0 1.4945487678380283
145 14.0 1.4945487678380283
146 14.0 1.4945487678380283
147 14.0 1.4945487678380283
148 14.0 1.4945487678380283
149 14.0 1.4945487678380283
150 14.0 1.4945487678380283
151 14.0 1.4945487678380283
152 14.0 1.4945487678380283
153 14.0 1.4945487678380283
154 14.0 1.4945487678380283
155 14.0 1.4945487678380283
156 14.0 1.4945487678380283
157 14.0 1.4945487678380283
158 14.0 1.4945487678380283
159 14.0 1.4945487678380283
160 14.0 1.4945487678380283
161 14.0 1.4945487678380283
162 14.0 1.4945487678380283
163 14.0 1.4945487678380283
164 13.999999999998181 1.4945487678362428
165 13.999999999998181 1.494548767836309
166 13.999999999997954 1.4945487678361757
167 13.999999999997954 1.4945487678361982
168 13.999999999997954 1.4945487678362155
169 13.999999999997954 1.4945487678362455
170 13.999999999997954 1.4945487678364626
171 13.999999999997954 1.4945487678369536
172 13.999999999998636 1.4945487678378269
173 14.0 1.4945487678380283
174 14.0 1.4945487678380283
175 14.0 1.4945487678380283
176 14.0 1.4945487678380283
177 14.0 1.4945487678380283
178 14.0 1.4945487678380283
179 14.0 1.4945487678380283
180 14.0 1.4945487678380283
181 14.0 1.4945487678380283
182 14.0 1.4945487678380283
183 14.000000000002274 1.4945487678398919
184 14.000000000002274 1.4945487678399347
185 14.000000000002046 1.4945487678397191
186 14.000000000002046 1.4945487678388365
187 14.0 1.4945487678380283
188 14.0 1.4945487678380283
189 14.0 1.4945487678380283
190 14.0 1.4945487678380283
191 14.0 1.4945487678380283
192 14.0 1.4945487678380283
193 14.0 1.4945487678380283
194 14.0 1.4945487678380283
195 14.0 1.4945487678380283
196 13.999999999999545 1.4945487678375964
197 13.999999999999545 1.4945487678376101
198 13.999999999999545 1.4945487678376204
199 13.999999999999545 1.4945487678377154
200 14.0 1.4945487678380653
101 13.999999999996817 1.4945487678345974
102 13.999999999997954 1.4945487678350255
103 13.999999999994543 1.4945487678342535
104 13.999999999995453 1.4945487678369314
105 14.000000000004093 1.4945487678399907
106 14.000000000000455 1.4945487678321638
107 13.999999999989313 1.4945487678302507
108 13.99999999998954 1.4945487678346785
109 14.0 1.4945487678380283
110 14.0 1.4945487678380283
111 14.0 1.4945487678380283
112 14.0 1.4945487678380283
113 14.0 1.4945487678380283
114 14.0 1.4945487678380283
115 14.0 1.4945487678380283
116 14.0 1.4945487678380283
117 14.0 1.4945487678380283
118 14.0 1.4945487678380283
119 14.0 1.4945487678380283
120 14.0 1.4945487678380283
121 14.0 1.4945487678380283
122 14.0 1.4945487678380283
123 14.0 1.4945487678380283
124 14.0 1.4945487678380283
125 14.0 1.4945487678380283
126 14.0 1.4945487678380283
127 14.0 1.4945487678380283
128 14.000000000006821 1.494548767843631
129 14.000000000006821 1.4945487678437859
130 14.000000000006594 1.4945487678436906
131 14.000000000006366 1.4945487678435476
132 14.000000000006366 1.4945487678435339
133 14.000000000006366 1.4945487678428697
134 14.000000000005912 1.494548767840022
135 14.0 1.4945487678380283
136 14.0 1.4945487678380283
137 14.0 1.4945487678380283
138 14.0 1.4945487678380283
139 14.0 1.4945487678380283
140 14.0 1.4945487678380283
141 14.0 1.4945487678380283
142 14.0 1.4945487678380283
143 14.0 1.4945487678380283
144 14.0 1.4945487678380283
145 14.0 1.4945487678380283
146 14.0 1.4945487678380283
147 14.0 1.4945487678380283
148 14.0 1.4945487678380283
149 14.0 1.4945487678380283
150 14.0 1.4945487678380283
151 14.0 1.4945487678380283
152 14.0 1.4945487678380283
153 14.0 1.4945487678380283
154 14.0 1.4945487678380283
155 14.0 1.4945487678380283
156 14.0 1.4945487678380283
157 14.0 1.4945487678380283
158 14.0 1.4945487678380283
159 14.0 1.4945487678380283
160 14.0 1.4945487678380283
161 14.0 1.4945487678380283
162 14.0 1.4945487678380283
163 14.0 1.4945487678380283
164 13.999999999998181 1.4945487678362428
165 13.999999999998181 1.494548767836309
166 13.999999999997954 1.4945487678361757
167 13.999999999997954 1.4945487678361982
168 13.999999999997954 1.4945487678362086
169 13.999999999997954 1.494548767836219
170 13.999999999997954 1.494548767836222
171 13.999999999997954 1.49454876783623
172 13.999999999997954 1.4945487678362677
173 13.999999999997954 1.4945487678365434
174 13.999999999997954 1.4945487678371194
175 13.99999999999909 1.4945487678379437
176 14.0 1.4945487678380283
177 14.0 1.4945487678380283
178 14.0 1.4945487678380283
179 14.0 1.4945487678380283
180 14.0 1.4945487678380283
181 14.0 1.4945487678380283
182 14.0 1.4945487678380283
183 14.000000000002274 1.4945487678398919
184 14.000000000002274 1.4945487678399474
185 14.000000000002046 1.4945487678397962
186 14.000000000002046 1.4945487678397986
187 14.000000000002046 1.4945487678393228
188 14.000000000000682 1.4945487678381244
189 14.0 1.4945487678380283
190 14.0 1.4945487678380283
191 14.0 1.4945487678380283
192 14.0 1.4945487678380283
193 14.0 1.4945487678380283
194 14.0 1.4945487678380283
195 14.0 1.4945487678380283
196 13.999999999999545 1.4945487678375964
197 13.999999999999545 1.4945487678376101
198 13.999999999999545 1.4945487678376204
199 13.999999999999545 1.4945487678376008
200 13.999999999999545 1.4945487678377678
101 13.99999999999659 1.4945487678344542
102 13.99999999999477 1.4945487678346836
103 13.999999999999545 1.494548767835038
104 13.99999999999568 1.4945487678358476
105 13.999999999993861 1.4945487678350162
106 14.00000000000432 1.4945487678416542
107 14.00000000000432 1.494548767837293
108 13.999999999993179 1.4945487678291325
109 13.999999999989313 1.4945487678299298
110 13.999999999989313 1.494548767833857
111 13.999999999998863 1.4945487678379767
112 14.0 1.4945487678380283
113 14.0 1.4945487678380283
114 14.0 1.4945487678380283
115 14.0 1.4945487678380283
116 14.0 1.4945487678380283
117 14.0 1.4945487678380283
118 14.0 1.4945487678380283
119 14.0 1.4945487678380283
120 14.0 1.4945487678380283
121 14.0 1.4945487678380283
122 14.0 1.4945487678380283
123 14.0 1.4945487678380283
124 14.0 1.4945487678380283
125 14.0 1.4945487678380283
126 14.0 1.4945487678380283
127 14.0 1.4945487678380283
128 14.000000000006821 1.494548767843631
129 14.000000000006821 1.4945487678437859
130 14.000000000006594 1.4945487678436955
131 14.000000000006366 1.4945487678435632
132 14.000000000006366 1.4945487678435834
133 14.000000000006366 1.494548767843591
134 14.000000000006366 1.4945487678435774
135 14.000000000006366 1.4945487678424734
136 14.000000000004547 1.494548767839169
137 14.0 1.4945487678380283
138 14.0 1.4945487678380283
139 14.0 1.4945487678380283
140 14.0 1.4945487678380283
141 14.0 1.4945487678380283
142 14.0 1.4945487678380283
143 14.0 1.4945487678380283
144 14.0 1.4945487678380283
145 14.0 1.4945487678380283
146 14.0 1.4945487678380283
147 14.0 1.4945487678380283
148 14.0 1.4945487678380283
149 14.0 1.4945487678380283
150 14.0 1.4945487678380283
151 14.0 1.4945487678380283
152 14.0 1.4945487678380283
153 14.0 1.4945487678380283
154 14.0 1.4945487678380283
155 14.0 1.4945487678380283
156 14.0 1.4945487678380283
157 14.0 1.4945487678380283
158 14.0 1.4945487678380283
159 14.0 1.4945487678380283
160 14.0 1.4945487678380283
161 14.0 1.4945487678380283
162 14.0 1.4945487678380283
163 14.0 1.4945487678380283
164 13.999999999998181 1.4945487678362428
165 13.999999999998181 1.494548767836309
166 13.999999999997954 1.4945487678361757
167 13.999999999997954 1.4945487678361982
168 13.999999999997954 1.4945487678362086
169 13.999999999997954 1.494548767836219
170 13.999999999997954 1.494548767836219
171 13.999999999997954 1.494548767836219
172 13.999999999997954 1.494548767836219
173 13.999999999997954 1.4945487678362237
174 13.999999999997954 1.4945487678362335
175 13.999999999997954 1.4945487678363092
176 13.999999999997954 1.4945487678366385
177 13.999999999997954 1.494548767837314
178 13.999999999999545 1.494548767838011
179 14.0 1.4945487678380283
180 14.0 1.4945487678380283
181 14.0 1.4945487678380283
182 14.0 1.4945487678380283
183 14.000000000002274 1.4945487678398919
184 14.000000000002274 1.4945487678399474
185 14.000000000002046 1.4945487678397962
186 14.000000000002046 1.4945487678398066
187 14.000000000002046 1.4945487678398186
188 14.000000000002046 1.4945487678396157
189 14.000000000001364 1.4945487678384315
190 14.0 1.4945487678380283
191 14.0 1.4945487678380283
192 14.0 1.4945487678380283
193 14.0 1.4945487678380283
194 14.0 1.4945487678380283
195 14.0 1.4945487678380283
196 13.999999999999545 1.4945487678375964
197 13.999999999999545 1.4945487678376101
198 13.999999999999545 1.4945487678376204
199 13.999999999999545 1.494548767837604
200 13.999999999999318 1.4945487678375298
101 13.999999999998636 1.4945487678363436
102 13.99999999999659 1.494548767835116
103 13.999999999996135 1.4945487678341909
104 13.999999999998181 1.4945487678349811
105 13.999999999993179 1.4945487678335607
106 13.999999999993406 1.4945487678361484
107 14.00000000000432 1.4945487678418126
108 14.00000000000432 1.4945487678403226
109 14.00000000000091 1.4945487678323575
110 13.999999999989313 1.4945487678286355
111 13.999999999989313 1.4945487678296452
112 13.999999999989313 1.4945487678331282
113 13.999999999997499 1.4945487678378104
114 14.0 1.4945487678380283
115 14.0 1.4945487678380283
116 14.0 1.4945487678380283
117 14.0 1.4945487678380283
118 14.0 1.4945487678380283
119 14.0 1.4945487678380283
120 14.0 1.4945487678380283
121 14.0 1.4945487678380283
122 14.0 1.4945487678380283
123 14.0 1.4945487678380283
124 14.0 1.4945487678380283
125 14.0 1.4945487678380283
126 14.0 1.4945487678380283
127 14.0 1.4945487678380283
128 14.000000000006821 1.494548767843631
129 14.000000000006821 1.4945487678437859
130 14.000000000006594 1.4945487678436955
131 14.000000000006366 1.4945487678435632
132 14.000000000006366 1.4945487678435858
133 14.000000000006366 1.4945487678436067
134 14.000000000006366 1.4945487678436276
135 14.000000000006366 1.4945487678436082
136 14.000000000006366 1.4945487678434926
137 14.000000000006366 1.4945487678419855
138 14.000000000003183 1.4945487678385936
139 14.0 1.4945487678380283
140 14.0 1.4945487678380283
141 14.0 1.4945487678380283
142 14.0 1.4945487678380283
143 14.0 1.4945487678380283
144 14.0 1.4945487678380283
145 14.0 1.4945487678380283
146 14.0 1.4945487678380283
147 14.0 1.4945487678380283
148 14.0 1.4945487678380283
149 14.0 1.4945487678380283
150 14.0 1.4945487678380283
151 14.0 1.4945487678380283
152 14.0 1.4945487678380283
153 14.0 1.4945487678380283
154 14.0 1.4945487678380283
155 14.0 1.4945487678380283
156 14.0 1.4945487678380283
157 14.0 1.4945487678380283
158 14.0 1.4945487678380283
159 14.0 1.4945487678380283
160 14.0 1.4945487678380283
161 14.0 1.4945487678380283
162 14.0 1.4945487678380283
163 14.0 1.4945487678380283
164 13.999999999998181 1.4945487678362428
165 13.999999999998181 1.494548767836309
166 13.999999999997954 1.4945487678361757
167 13.999999999997954 1.4945487678361982
168 13.999999999997954 1.4945487678362086
169 13.999999999997954 1.494548767836219
170 13.999999999997954 1.494548767836219
171 13.999999999997954 1.494548767836219
172 13.999999999997954 1.494548767836219
173 13.999999999997954 1.494548767836219
174 13.999999999997954 1.494548767836219
175 13.999999999997954 1.494548767836219
176 13.999999999997954 1.4945487678362255
177 13.999999999997954 1.494548767836237
178 13.999999999997954 1.4945487678363634
179 13.999999999997954 1.4945487678367495
180 13.999999999998181 1.494548767837542
181 14.0 1.4945487678380283
182 14.0 1.4945487678380283
183 14.000000000002274 1.4945487678398919
184 14.000000000002274 1.4945487678399474
185 14.000000000002046 1.4945487678397962
186 14.000000000002046 1.4945487678398066
187 14.000000000002046 1.4945487678398186
188 14.000000000002046 1.494548767839824
189 14.000000000002046 1.4945487678397784
190 14.000000000002046 1.4945487678389688
191 14.0 1.4945487678380283
192 14.0 1.4945487678380283
193 14.0 1.4945487678380283
194 14.0 1.4945487678380283
195 14.0 1.4945487678380283
196 13.999999999999545 1.4945487678375964
197 13.999999999999545 1.4945487678376101
198 13.999999999999545 1.4945487678376204
199 13.999999999999545 1.494548767837604
200 13.999999999999318 1.4945487678374363
101 13.999999999999318 1.494548767837323
102 13.999999999996362 1.4945487678348817
103 13.99999999999659 1.494548767834645
104 13.999999999996362 1.494548767834775
105 13.999999999993634 1.4945487678358713
106 14.000000000003183 1.4945487678364673
107 13.999999999990678 1.4945487678320764
108 14.000000000000227 1.4945487678412923
109 14.00000000000432 1.4945487678416787
110 14.00000000000432 1.4945487678375087
111 13.999999999993634 1.4945487678291758
112 13.999999999989313 1.4945487678286258
113 13.999999999989313 1.4945487678293927
114 13.999999999989313 1.4945487678324816
115 13.999999999996135 1.4945487678375418
116 14.0 1.4945487678380283
117 14.0 1.4945487678380283
118 14.0 1.4945487678380283
119 14.0 1.4945487678380283
120 14.0 1.4945487678380283
121 14.0 1.4945487678380283
122 14.0 1.4945487678380283
123 14.0 1.4945487678380283
124 14.0 1.4945487678380283
125 14.0 1.4945487678380283
126 14.0 1.4945487678380283
127 14.0 1.4945487678380283
128 14.000000000006821 1.494548767843631
129 14.000000000006821 1.4945487678437859
130 14.000000000006594 1.4945487678436955
131 14.000000000006366 1.4945487678435632
132 14.000000000006366 1.4945487678435858
133 14.000000000006366 1.4945487678436067
134 14.000000000006366 1.4945487678436293
135 14.000000000006366 1.4945487678436293
136 14.000000000006366 1.4945487678436231
137 14.000000000006366 1.4945487678436007
138 14.000000000006366 1.494548767843323
139 14.000000000006366 1.4945487678413658
140 14.000000000001819 1.4945487678382214
141 14.0 1.4945487678380283
142 14.0 1.4945487678380283
143 14.0 1.4945487678380283
144 14.0 1.4945487678380283
145 14.0 1.4945487678380283
146 14.0 1.4945487678380283
147 14.0 1.4945487678380283
148 14.0 1.4945487678380283
149 14.0 1.4945487678380283
150 14.0 1.4945487678380283
151 14.0 1.4945487678380283
152 14.0 1.4945487678380283
153 14.0 1.4945487678380283
154 14.0 1.4945487678380283
155 14.0 1.4945487678380283
156 14.0 1.4945487678380283
157 14.0 1.4945487678380283
158 14.0 1.4945487678380283
159 14.0 1.4945487678380283
160 14.0 1.4945487678380283
161 14.0 1.4945487678380283
162 14.0 1.4945487678380283
163 14.0 1.4945487678380283
164 13.999999999998181 1.4945487678362428
165 13.999999999998181 1.494548767836309
166 13.999999999997954 1.4945487678361757
167 13.999999999997954 1.4945487678361982
168 13.999999999997954 1.4945487678362086
169 13.999999999997954 1.494548767836219
170 13.999999999997954 1.494548767836219
171 13.999999999997954 1.494548767836219
172 13.999999999997954 1.494548767836219
173 13.999999999997954 1.494548767836219
174 13.999999999997954 1.494548767836219
175 13.999999999997954 1.494548767836219
176 13.999999999997954 1.494548767836219
177 13.999999999997954 1.494548767836219
178 13.999999999997954 1.4945487678362193
179 13.999999999997954 1.4945487678362273
180 13.999999999997954 1.4945487678362406
181 13.999999999997954 1.4945487678364269
182 13.999999999997954 1.49454876783688
183 14.000000000000682 1.4945487678396125
184 14.000000000002274 1.4945487678399474
185 14.000000000002046 1.4945487678397962
186 14.000000000002046 1.4945487678398066
187 14.000000000002046 1.4945487678398186
188 14.000000000002046 1.494548767839824
189 14.000000000002046 1.494548767839824
190 14.000000000002046 1.4945487678398213
191 14.000000000002046 1.4945487678394132
192 14.00000000000091 1.4945487678381886
193 14.0 1.4945487678380283
194 14.0 1.4945487678380283
195 14.0 1.4945487678380283
196 13.999999999999545 1.4945487678375964
197 13.999999999999545 1.4945487678376101
198 13.999999999999545 1.4945487678376204
199 13.999999999999545 1.494548767837604
200 13.999999999999318 1.4945487678374343
101 13.999999999999318 1.4945487678374374
102 13.999999999996362 1.4945487678347953
103 13.999999999996135 1.494548767834465
104 13.99999999999568 1.4945487678351888
105 13.99999999999568 1.4945487678346518
106 13.99999999999568 1.4945487678339613
107 14.000000000001592 1.4945487678397549
108 13.999999999997726 1.4945487678320122
109 13.999999999993861 1.4945487678388454
110 14.00000000000432 1.494548767841811
111 14.00000000000432 1.4945487678404366
112 14.000000000001364 1.4945487678326288
113 13.999999999989313 1.4945487678285754
114 13.999999999989313 1.4945487678286171
115 13.999999999989313 1.4945487678291687
116 13.999999999989313 1.4945487678319085
117 13.99999999999477 1.4945487678371814
118 14.0 1.4945487678380283
119 14.0 1.4945487678380283
120 14.0 1.4945487678380283
121 14.0 1.4945487678380283
122 14.0 1.4945487678380283
123 14.0 1.4945487678380283
124 14.0 1.4945487678380283
125 14.0 1.4945487678380283
126 14.0 1.4945487678380283
127 14.0 1.4945487678380283
128 14.000000000006821 1.494548767843631
129 14.000000000006821 1.4945487678437859
130 14.000000000006594 1.4945487678436955
131 14.000000000006366 1.4945487678435632
132 14.000000000006366 1.4945487678435858
133 14.000000000006366 1.4945487678436067
134 14.000000000006366 1.4945487678436293
135 14.000000000006366 1.4945487678436293
136 14.000000000006366 1.4945487678436293
137 14.000000000006366 1.4945487678436293
138 14.000000000006366 1.4945487678436205
139 14.000000000006366 1.4945487678435916
140 14.000000000006366 1.494548767843066
141 14.000000000006366 1.494548767840578
142 14.000000000000455 1.4945487678380387
143 14.0 1.4945487678380283
144 14.0 1.4945487678380283
145 14.0 1.4945487678380283
146 14.0 1.4945487678380283
147 14.0 1.4945487678380283
148 14.0 1.4945487678380283
149 14.0 1.4945487678380283
150 14.0 1.4945487678380283
151 14.0 1.4945487678380283
152 14.0 1.4945487678380283
153 14.0 1.4945487678380283
154 14.0 1.4945487678380283
155 14.0 1.4945487678380283
156 14.0 1.4945487678380283
157 14.0 1.4945487678380283
158 14.0 1.4945487678380283
159 14.0 1.4945487678380283
160 14.0 1.4945487678380283
161 14.0 1.4945487678380283
162 14.0 1.4945487678380283
163 14.0 1.4945487678380283
164 13.999999999998181 1.4945487678362428
165 13.999999999998181 1.494548767836309
166 13.999999999997954 1.4945487678361757
167 13.999999999997954 1.4945487678361982
168 13.999999999997954 1.4945487678362086
169 13.999999999997954 1.494548767836219
170 13.999999999997954 1.494548767836219
171 13.999999999997954 1.494548767836219
172 13.999999999997954 1.494548767836219
173 13.999999999997954 1.494548767836219
174 13.999999999997954 1.494548767836219
175 13.999999999997954 1.494548767836219
176 13.999999999997954 1.494548767836219
177 13.999999999997954 1.494548767836219
178 13.999999999997954 1.494548767836219
179 13.999999999997954 1.494548767836219
180 13.999999999997954 1.494548767836219
181 13.999999999997954 1.494548767836221
182 13.999999999997954 1.494548767836229
183 13.999999999997044 1.4945487678363447
184 14.000000000000227 1.4945487678393645
185 14.000000000002046 1.4945487678397962
186 14.000000000002046 1.4945487678398066
187 14.000000000002046 1.4945487678398186
188 14.000000000002046 1.494548767839824
189 14.000000000002046 1.494548767839824
190 14.000000000002046 1.494548767839824
191 14.000000000002046 1.494548767839824
192 14.000000000002046 1.4945487678396718
193 14.000000000001137 1.4945487678385536
194 14.000000000000455 1.494548767838122
195 14.0 1.4945487678380283
196 13.999999999999545 1.4945487678375964
197 13.999999999999545 1.4945487678376101
198 13.999999999999545 1.4945487678376204
199 13.999999999999545 1.494548767837604
200 13.999999999999318 1.4945487678374343
101 13.999999999999318 1.4945487678375449
102 13.999999999995907 1.4945487678346645
103 13.999999999994998 1.4945487678345906
104 13.999999999998636 1.4945487678350162
105 13.999999999994543 1.494548767834621
106 13.999999999994088 1.4945487678350455
107 14.000000000000455 1.4945487678347609
108 13.999999999997499 1.4945487678401113
109 14.000000000003638 1.4945487678353468
110 13.999999999988631 1.494548767834654
111 14.00000000000432 1.494548767841832
112 14.00000000000432 1.4945487678417047
113 14.00000000000432 1.4945487678377343
114 13.999999999994088 1.4945487678292741
115 13.999999999989313 1.4945487678285727
116 13.999999999989313 1.4945487678286091
117 13.999999999989313 1.4945487678289722
118 13.999999999989313 1.4945487678314
119 13.999999999993406 1.494548767836696
120 14.0 1.4945487678380283
121 14.0 1.4945487678380283
122 14.0 1.4945487678380283
123 14.0 1.4945487678380283
124 14.0 1.4945487678380283
125 14.0 1.4945487678380283
126 14.0 1.4945487678380283
127 14.0 1.4945487678380283
128 14.000000000006821 1.494548767843631
129 14.000000000006821 1.4945487678437859
130 14.000000000006594 1.4945487678436955
131 14.000000000006366 1.4945487678435632
132 14.000000000006366 1.4945487678435858
133 14.000000000006366 1.4945487678436067
134 14.000000000006366 1.4945487678436293
135 14.000000000006366 1.4945487678436293
136 14.000000000006366 1.4945487678436293
137 14.000000000006366 1.4945487678436293
138 14.000000000006366 1.4945487678436293
139 14.000000000006366 1.4945487678436293
140 14.000000000006366 1.4945487678436171
141 14.000000000006366 1.49454876784358
142 14.000000000006366 1.494548767842739
143 14.000000000005457 1.4945487678396778
144 14.0 1.4945487678380283
145 14.0 1.4945487678380283
146 14.0 1.4945487678380283
147 14.0 1.4945487678380283
148 14.0 1.4945487678380283
149 14.0 1.4945487678380283
150 14.0 1.4945487678380283
151 14.0 1.4945487678380283
152 14.0 1.4945487678380283
153 14.0 1.4945487678380283
154 14.0 1.4945487678380283
155 14.0 1.4945487678380283
156 14.0 1.4945487678380283
157 14.0 1.4945487678380283
158 14.0 1.4945487678380283
159 14.0 1.4945487678380283
160 14.0 1.4945487678380283
161 14.0 1.4945487678380283
162 14.0 1.4945487678380283
163 14.0 1.4945487678380283
164 13.999999999998181 1.4945487678362428
165 13.999999999998181 1.494548767836309
166 13.999999999997954 1.4945487678361757
167 13.999999999997954 1.4945487678361982
168 13.999999999997954 1.4945487678362086
169 13.999999999997954 1.494548767836219
170 13.999999999997954 1.494548767836219
171 13.999999999997954 1.494548767836219
172 13.999999999997954 1.494548767836219
173 13.999999999997954 1.494548767836219
174 13.999999999997954 1.494548767836219
175 13.999999999997954 1.494548767836219
176 13.999999999997954 1.494548767836219
177 13.999999999997954 1.494548767836219
178 13.999999999997954 1.494548767836219
179 13.999999999997954 1.494548767836219
180 13.999999999997954 1.494548767836219
181 13.999999999997954 1.494548767836219
182 13.999999999997954 1.494548767836219
183 13.999999999997044 1.4945487678354918
184 13.999999999996817 1.4945487678364715
185 14.0 1.4945487678387193
186 14.000000000001819 1.4945487678397935
187 14.000000000002046 1.4945487678398186
188 14.000000000002046 1.494548767839824
189 14.000000000002046 1.494548767839824
190 14.000000000002046 1.494548767839824
191 14.000000000002046 1.494548767839824
192 14.000000000002046 1.494548767839824
193 14.000000000002501 1.494548767839754
194 14.000000000000682 1.4945487678386251
195 14.000000000000682 1.4945487678385052
196 14.000000000000227 1.4945487678378284
197 13.999999999999545 1.4945487678376101
198 13.999999999999545 1.4945487678376204
199 13.999999999999545 1.494548767837604
200 13.999999999999318 1.4945487678374343
101 13.999999999999545 1.4945487678374902
102 13.99999999999659 1.4945487678346618
103 13.999999999996135 1.4945487678348917
104 13.999999999994998 1.4945487678345566
105 13.99999999999909 1.494548767835019
106 13.999999999992497 1.494548767835194
107 13.999999999999318 1.4945487678357796
108 13.999999999996135 1.4945487678325886
109 13.99999999999659 1.494548767839995
110 14.00000000000341 1.49454876783854
111 13.999999999995453 1.4945487678325804
112 13.999999999998408 1.4945487678407885
113 14.00000000000432 1.4945487678418115
114 14.00000000000432 1.4945487678405518
115 14.000000000001819 1.494548767832926
116 13.999999999989313 1.4945487678285572
117 13.999999999989313 1.49454876782857
118 13.999999999989313 1.4945487678286025
119 13.999999999989313 1.4945487678288245
120 13.999999999989313 1.4945487678309488
121 13.999999999992042 1.494548767836084
122 14.0 1.4945487678380283
123 14.0 1.4945487678380283
124 14.0 1.4945487678380283
125 14.0 1.4945487678380283
126 14.0 1.4945487678380283
127 14.0 1.4945487678380283
128 14.000000000006821 1.494548767843631
129 14.000000000006821 1.4945487678437859
130 14.000000000006594 1.4945487678436955
131 14.000000000006366 1.4945487678435632
132 14.000000000006366 1.4945487678435858
133 14.000000000006366 1.4945487678436067
134 14.000000000006366 1.4945487678436293
135 14.000000000006366 1.4945487678436293
136 14.000000000006366 1.4945487678436293
137 14.000000000006366 1.4945487678436293
138 14.000000000006366 1.4945487678436293
139 14.000000000006366 1.4945487678436293
140 14.000000000006366 1.4945487678436293
141 14.000000000006366 1.4945487678436276
142 14.000000000006366 1.4945487678436118
143 14.000000000006366 1.4945487678435518
144 14.000000000006366 1.4945487678423235
145 14.000000000004093 1.49454876783895
146 14.0 1.4945487678380283
147 14.0 1.4945487678380283
148 14.0 1.4945487678380283
149 14.0 1.4945487678380283
150 14.0 1.4945487678380283
151 14.0 1.4945487678380283
152 14.0 1.4945487678380283
153 14.0 1.4945487678380283
154 14.0 1.4945487678380283
155 14.0 1.4945487678380283
156 14.0 1.4945487678380283
157 14.0 1.4945487678380283
158 14.0 1.4945487678380283
159 14.0 1.4945487678380283
160 14.0 1.4945487678380283
161 14.0 1.4945487678380283
162 14.0 1.4945487678380283
163 14.0 1.4945487678380283
164 13.999999999998181 1.4945487678362428
165 13.999999999998181 1.494548767836309
166 13.999999999997954 1.4945487678361757
167 13.999999999997954 1.4945487678361982
168 13.999999999997954 1.4945487678362086
169 13.999999999997954 1.494548767836219
170 13.999999999997954 1.494548767836219
171 13.999999999997954 1.494548767836219
172 13.999999999997954 1.494548767836219
173 13.999999999997954 1.494548767836219
174 13.999999999997954 1.494548767836219
175 13.999999999997954 1.494548767836219
176 13.999999999997954 1.494548767836219
177 13.999999999997954 1.494548767836219
178 13.999999999997954 1.494548767836219
179 13.999999999997954 1.494548767836219
180 13.999999999997954 1.494548767836219
181 13.999999999997954 1.494548767836219
182 13.999999999997954 1.494548767836219
183 13.999999999997044 1.4945487678354645
184 13.999999999996362 1.494548767834922
185 13.999999999997499 1.494548767836964
186 14.0 1.4945487678383667
187 14.000000000001137 1.49454876783963
188 14.000000000002046 1.494548767839824
189 14.000000000002046 1.494548767839824
190 14.000000000002046 1.494548767839824
191 14.000000000002046 1.494548767839824
192 14.000000000002046 1.494548767839824
193 14.000000000002501 1.4945487678401967
194 14.000000000002046 1.4945487678393499
195 14.000000000000682 1.494548767838628
196 14.000000000000682 1.4945487678386395
197 14.000000000000455 1.494548767838014
198 13.999999999999773 1.494548767837637
199 13.999999999999545 1.494548767837604
200 13.999999999999318 1.4945487678374343
101 13.999999999999318 1.4945487678375489
102 13.999999999996362 1.4945487678346463
103 13.999999999997044 1.4945487678347387
104 13.999999999994998 1.4945487678347282
105 13.999999999998181 1.494548767834763
106 13.999999999995453 1.4945487678356784
107 13.999999999999545 1.4945487678331721
108 13.99999999999045 1.4945487678356326
109 14.000000000001819 1.494548767835927
110 13.99999999999227 1.4945487678362896
111 14.000000000003183 1.4945487678402276
112 14.000000000002046 1.4945487678343752
113 13.999999999992951 1.4945487678384086
114 14.00000000000432 1.4945487678418325
115 14.00000000000432 1.4945487678417286
116 14.00000000000432 1.4945487678379552
117 13.999999999994543 1.4945487678293972
118 13.999999999989313 1.4945487678285558
119 13.999999999989313 1.4945487678285674
120 13.999999999989313 1.4945487678285965
121 13.999999999989313 1.4945487678287244
122 13.999999999989313 1.4945487678305491
123 13.999999999990678 1.494548767835359
124 14.0 1.4945487678380283
125 14.0 1.4945487678380283
126 14.0 1.4945487678380283
127 14.0 1.4945487678380283
128 14.000000000006821 1.494548767843631
129 14.000000000006821 1.4945487678437859
130 14.000000000006594 1.4945487678436955
131 14.000000000006366 1.4945487678435632
132 14.000000000006366 1.4945487678435858
133 14.000000000006366 1.4945487678436067
134 14.000000000006366 1.4945487678436293
135 14.000000000006366 1.4945487678436293
136 14.000000000006366 1.4945487678436293
137 14.000000000006366 1.4945487678436293
138 14.000000000006366 1.4945487678436293
139 14.000000000006366 1.4945487678436293
140 14.000000000006366 1.4945487678436293
141 14.000000000006366 1.4945487678436293
142 14.000000000006366 1.4945487678436293
143 14.000000000006366 1.494548767843625
144 14.000000000006366 1.494548767843606
145 14.000000000006366 1.4945487678434477
146 14.000000000006366 1.4945487678417952
147 14.000000000002728 1.4945487678384513
148 14.0 1.4945487678380283
149 14.0 1.4945487678380283
150 14.0 1.4945487678380283
151 14.0 1.4945487678380283
152 14.0 1.4945487678380283
153 14.0 1.4945487678380283
154 14.0 1.4945487678380283
155 14.0 1.4945487678380283
156 14.0 1.4945487678380283
157 14.0 1.4945487678380283
158 14.0 1.4945487678380283
159 14.0 1.4945487678380283
160 14.0 1.4945487678380283
161 14.0 1.4945487678380283
162 14.0 1.4945487678380283
163 14.0 1.4945487678380283
164 13.999999999998181 1.4945487678362428
165 13.999999999998181 1.494548767836309
166 13.999999999997954 1.4945487678361757
167 13.999999999997954 1.4945487678361982
168 13.999999999997954 1.4945487678362086
169 13.999999999997954 1.494548767836219
170 13.999999999997954 1.494548767836219
171 13.999999999997954 1.494548767836219
172 13.999999999997954 1.494548767836219
173 13.999999999997954 1.494548767836219
174 13.999999999997954 1.494548767836219
175 13.999999999997954 1.494548767836219
176 13.999999999997954 1.494548767836219
177 13.999999999997954 1.494548767836219
178 13.999999999997954 1.494548767836219
179 13.999999999997954 1.494548767836219
180 13.999999999997954 1.494548767836219
181 13.999999999997954 1.494548767836219
182 13.999999999997954 1.494548767836219
183 13.999999999997044 1.4945487678354645
184 13.999999999996362 1.4945487678348786
185 13.99999999999659 1.4945487678351124
186 13.999999999998181 1.4945487678373683
187 14.0 1.4945487678381493
188 14.000000000000455 1.4945487678392624
189 14.000000000002046 1.494548767839824
190 14.000000000002046 1.494548767839824
191 14.000000000002046 1.494548767839824
192 14.000000000002046 1.494548767839824
193 14.000000000002501 1.4945487678401994
194 14.000000000002501 1.4945487678401885
195 14.000000000001819 1.4945487678390355
196 14.000000000000682 1.4945487678386564
197 14.000000000000682 1.4945487678386216
198 14.000000000000455 1.494548767838178
199 13.999999999999773 1.4945487678376514
200 13.999999999999318 1.4945487678374343
101 13.999999999999318 1.4945487678374494
102 13.999999999996135 1.4945487678346414
103 13.99999999999659 1.4945487678346834
104 13.999999999998181 1.4945487678348515
105 13.999999999993179 1.4945487678345872
106 14.000000000001592 1.494548767835449
107 13.999999999991132 1.494548767835589
108 14.000000000004093 1.4945487678372011
109 13.999999999993634 1.4945487678306817
110 13.999999999993634 1.494548767834048
111 13.999999999992724 1.494548767834571
112 14.000000000002728 1.4945487678404132
113 14.000000000002046 1.4945487678368365
114 13.999999999994543 1.4945487678365876
115 14.00000000000432 1.4945487678418428
116 14.00000000000432 1.4945487678418126
117 14.00000000000432 1.4945487678406641
118 14.000000000002274 1.4945487678332365
119 13.999999999989313 1.4945487678285543
120 13.999999999989313 1.4945487678285545
121 13.999999999989313 1.494548767828565
122 13.999999999989313 1.4945487678285911
123 13.999999999989313 1.4945487678286664
124 13.999999999989313 1.4945487678301945
125 13.999999999989313 1.4945487678345346
126 14.0 1.4945487678380283
127 14.0 1.4945487678380283
128 14.000000000006821 1.494548767843631
129 14.000000000006821 1.4945487678437859
130 14.000000000006594 1.4945487678436955
131 14.000000000006366 1.4945487678435632
132 14.000000000006366 1.4945487678435858
133 14.000000000006366 1.4945487678436067
134 14.000000000006366 1.4945487678436293
135 14.000000000006366 1.4945487678436293
136 14.000000000006366 1.4945487678436293
137 14.000000000006366 1.4945487678436293
138 14.000000000006366 1.4945487678436293
139 14.000000000006366 1.4945487678436293
140 14.000000000006366 1.4945487678436293
141 14.000000000006366 1.4945487678436293
142 14.000000000006366 1.4945487678436293
143 14.000000000006366 1.4945487678436293
144 14.000000000006366 1.4945487678436293
145 14.000000000006366 1.4945487678436222
146 14.000000000006366 1.494548767843598
147 14.000000000006366 1.4945487678432439
148 14.000000000006366 1.4945487678411238
149 14.000000000001364 1.494548767838137
150 14.0 1.4945487678380283
151 14.0 1.4945487678380283
152 14.0 1.4945487678380283
153 14.0 1.4945487678380283
154 14.0 1.4945487678380283
155 14.0 1.4945487678380283
156 14.0 1.4945487678380283
157 14.0 1.4945487678380283
158 14.0 1.4945487678380283
159 14.0 1.4945487678380283
160 14.0 1.4945487678380283
161 14.0 1.4945487678380283
162 14.0 1.4945487678380283
163 14.0 1.4945487678380283
164 13.999999999998181 1.4945487678362428
165 13.999999999998181 1.494548767836309
166 13.999999999997954 1.4945487678361757
167 13.999999999997954 1.4945487678361982
168 13.999999999997954 1.4945487678362086
169 13.999999999997954 1.494548767836219
170 13.999999999997954 1.494548767836219
171 13.999999999997954 1.494548767836219
172 13.999999999997954 1.494548767836219
173 13.999999999997954 1.494548767836219
174 13.999999999997954 1.494548767836219
175 13.999999999997954 1.494548767836219
176 13.999999999997954 1.494548767836219
177 13.999999999997954 1.494548767836219
178 13.999999999997954 1.494548767836219
179 13.999999999997954 1.494548767836219
180 13.999999999997954 1.494548767836219
181 13.999999999997954 1.494548767836219
182 13.999999999997954 1.494548767836219
183 13.999999999997044 1.4945487678354645
184 13.999999999996362 1.4945487678348786
185 13.99999999999659 1.494548767835028
186 13.99999999999659 1.4945487678352654
187 13.999999999998636 1.4945487678376719
188 14.0 1.4945487678380363
189 14.0 1.4945487678387392
190 14.000000000001819 1.4945487678398108
191 14.000000000002046 1.494548767839824
192 14.000000000002046 1.494548767839824
193 14.000000000002501 1.4945487678401994
194 14.000000000002501 1.494548767840208
195 14.000000000002501 1.4945487678401104
196 14.000000000001364 1.4945487678388878
197 14.000000000000682 1.4945487678386313
198 14.00000000000091 1.4945487678387497
199 14.000000000000455 1.4945487678381277
200 13.999999999999773 1.4945487678376272
101 13.999999999999773 1.4945487678376757
102 13.999999999996362 1.4945487678346818
103 13.999999999996135 1.4945487678347393
104 13.99999999999659 1.4945487678345335
105 13.999999999997726 1.49454876783502
106 13.999999999995225 1.4945487678336826
107 13.999999999997044 1.4945487678372953
108 13.999999999995907 1.494548767833931
109 14.000000000001137 1.4945487678407523
110 14.000000000000227 1.4945487678376437
111 13.999999999998863 1.4945487678332972
112 13.999999999988404 1.4945487678300458
113 13.999999999993634 1.4945487678377505
114 14.000000000000227 1.4945487678370073
115 13.999999999998636 1.4945487678386045
116 14.00000000000432 1.4945487678418492
117 14.00000000000432 1.494548767841833
118 14.00000000000432 1.4945487678417484
119 14.00000000000432 1.4945487678381704
120 13.999999999994998 1.4945487678295348
121 13.999999999989313 1.4945487678285543
122 13.999999999989313 1.4945487678285543
123 13.999999999989313 1.4945487678285636
124 13.999999999989313 1.4945487678285863
125 13.999999999989313 1.4945487678286447
126 13.999999999989313 1.4945487678298799
127 13.999999999989313 1.4945487678337293
128 14.000000000005457 1.49454876784356
129 14.000000000006821 1.4945487678437859
130 14.000000000006594 1.4945487678436955
131 14.000000000006366 1.4945487678435632
132 14.000000000006366 1.4945487678435858
133 14.000000000006366 1.4945487678436067
134 14.000000000006366 1.4945487678436293
135 14.000000000006366 1.4945487678436293
136 14.000000000006366 1.4945487678436293
137 14.000000000006366 1.4945487678436293
138 14.000000000006366 1.4945487678436293
139 14.000000000006366 1.4945487678436293
140 14.000000000006366 1.4945487678436293
141 14.000000000006366 1.4945487678436293
142 14.000000000006366 1.4945487678436293
143 14.000000000006366 1.4945487678436293
144 14.000000000006366 1.4945487678436293
145 14.000000000006366 1.4945487678436293
146 14.000000000006366 1.4945487678436293
147 14.000000000006366 1.4945487678436196
148 14.000000000006366 1.494548767843588
149 14.000000000006366 1.4945487678429656
150 14.000000000006366 1.4945487678402702
151 14.0 1.4945487678380283
152 14.0 1.4945487678380283
153 14.0 1.4945487678380283
154 14.0 1.4945487678380283
155 14.0 1.4945487678380283
156 14.0 1.4945487678380283
157 14.0 1.4945487678380283
158 14.0 1.4945487678380283
159 14.0 1.4945487678380283
160 14.0 1.4945487678380283
161 14.0 1.4945487678380283
162 14.0 1.4945487678380283
163 14.0 1.4945487678380283
164 13.999999999998181 1.4945487678362428
165 13.999999999998181 1.494548767836309
166 13.999999999997954 1.4945487678361757
167 13.999999999997954 1.4945487678361982
168 13.999999999997954 1.4945487678362086
169 13.999999999997954 1.494548767836219
170 13.999999999997954 1.494548767836219
171 13.999999999997954 1.494548767836219
172 13.999999999997954 1.494548767836219
173 13.999999999997954 1.494548767836219
174 13.999999999997954 1.494548767836219
175 13.999999999997954 1.494548767836219
176 13.999999999997954 1.494548767836219
177 13.999999999997954 1.494548767836219
178 13.999999999997954 1.494548767836219
179 13.999999999997954 1.494548767836219
180 13.999999999997954 1.494548767836219
181 13.999999999997954 1.494548767836219
182 13.999999999997954 1.494548767836219
183 13.999999999997044 1.4945487678354645
184 13.999999999996362 1.4945487678348786
185 13.99999999999659 1.494548767835028
186 13.99999999999659 1.494548767835021
187 13.99999999999659 1.4945487678355345
188 13.999999999999318 1.494548767837881
189 14.0 1.4945487678380203
190 14.0 1.4945487678383704
191 14.000000000001137 1.4945487678396354
192 14.000000000002046 1.494548767839824
193 14.000000000002501 1.4945487678401994
194 14.000000000002501 1.494548767840208
195 14.000000000002501 1.4945487678402134
196 14.000000000002501 1.494548767839977
197 14.000000000001137 1.4945487678387155
198 14.00000000000091 1.4945487678388163
199 14.00000000000091 1.4945487678386886
200 14.000000000000227 1.494548767838109
101 14.000000000000227 1.4945487678380858
102 13.999999999996817 1.4945487678346552
103 13.999999999996817 1.4945487678348883
104 13.99999999999568 1.494548767835285
105 13.999999999996817 1.49454876783508
106 13.99999999999477 1.4945487678343956
107 14.000000000001137 1.494548767835831
108 13.999999999992724 1.4945487678338554
109 13.999999999996817 1.4945487678344154
110 13.99999999999659 1.4945487678377518
111 14.00000000000091 1.4945487678399136
112 14.000000000003638 1.4945487678383491
113 13.999999999993861 1.4945487678289477
114 13.999999999989313 1.4945487678314195
115 13.999999999992042 1.4945487678351863
116 14.00000000000432 1.4945487678418492
117 14.00000000000432 1.4945487678418492
118 14.00000000000432 1.4945487678418432
119 14.00000000000432 1.4945487678418143
120 14.00000000000432 1.4945487678407732
121 14.000000000002728 1.494548767833558
122 13.999999999989313 1.4945487678285543
123 13.999999999989313 1.4945487678285543
124 13.999999999989313 1.4945487678285543
125 13.999999999989313 1.4945487678285623
126 13.999999999989313 1.4945487678285823
127 13.999999999989313 1.4945487678286338
128 13.99999999998704 1.4945487678315588
129 14.000000000002274 1.4945487678431617
130 14.000000000006594 1.4945487678436955
131 14.000000000006366 1.4945487678435632
132 14.000000000006366 1.4945487678435858
133 14.000000000006366 1.4945487678436067
134 14.000000000006366 1.4945487678436293
135 14.000000000006366 1.4945487678436293
136 14.000000000006366 1.4945487678436293
137 14.000000000006366 1.4945487678436293
138 14.000000000006366 1.4945487678436293
139 14.000000000006366 1.4945487678436293
140 14.000000000006366 1.4945487678436293
141 14.000000000006366 1.4945487678436293
142 14.000000000006366 1.4945487678436293
143 14.000000000006366 1.4945487678436293
144 14.000000000006366 1.4945487678436293
145 14.000000000006366 1.4945487678436293
146 14.000000000006366 1.4945487678436293
147 14.000000000006366 1.4945487678436293
148 14.000000000006366 1.4945487678436293
149 14.000000000006366 1.4945487678436153
150 14.000000000006366 1.4945487678435756
151 14.000000000006366 1.4945487678426115
152 14.000000000005002 1.4945487678394123
153 14.0 1.4945487678380283
154 14.0 1.4945487678380283
155 14.0 1.4945487678380283
156 14.0 1.4945487678380283
157 14.0 1.4945487678380283
158 14.0 1.4945487678380283
159 14.0 1.4945487678380283
160 14.0 1.4945487678380283
161 14.0 1.4945487678380283
162 14.0 1.4945487678380283
163 14.0 1.4945487678380283
164 13.999999999998181 1.4945487678362428
165 13.999999999998181 1.494548767836309
166 13.999999999997954 1.4945487678361757
167 13.999999999997954 1.4945487678361982
168 13.999999999997954 1.4945487678362086
169 13.999999999997954 1.494548767836219
170 13.999999999997954 1.494548767836219
171 13.999999999997954 1.494548767836219
172 13.999999999997954 1.494548767836219
173 13.999999999997954 1.494548767836219
174 13.999999999997954 1.494548767836219
175 13.999999999997954 1.494548767836219
176 13.999999999997954 1.494548767836219
177 13.999999999997954 1.494548767836219
178 13.999999999997954 1.494548767836219
179 13.999999999997954 1.494548767836219
180 13.999999999997954 1.494548767836219
181 13.999999999997954 1.494548767836219
182 13.999999999997954 1.494548767836219
183 13.999999999997044 1.4945487678354645
184 13.999999999996362 1.4945487678348786
185 13.99999999999659 1.494548767835028
186 13.99999999999659 1.494548767835021
187 13.99999999999659 1.4945487678350222
188 13.99999999999659 1.494548767835898
189 13.999999999999773 1.494548767838003
190 14.0 1.4945487678380203
191 14.0 1.4945487678381466
192 14.000000000000455 1.4945487678392624
193 14.000000000002501 1.4945487678401994
194 14.000000000002501 1.494548767840208
195 14.000000000002501 1.4945487678402134
196 14.000000000002501 1.4945487678402203
197 14.000000000002501 1.4945487678397464
198 14.000000000001137 1.4945487678388232
199 14.00000000000091 1.494548767838821
200 14.00000000000091 1.494548767838614
101 14.000000000000682 1.4945487678385247
102 13.999999999999318 1.4945487678364684
103 13.999999999996817 1.4945487678347587
104 13.99999999999659 1.494548767834891
105 13.999999999995453 1.4945487678341587
106 13.999999999995453 1.494548767835254
107 13.999999999995907 1.4945487678332146
108 13.999999999996362 1.4945487678376432
109 13.999999999996817 1.4945487678346732
110 14.000000000003183 1.494548767834606
111 13.999999999989768 1.4945487678320886
112 13.999999999999318 1.4945487678412999
113 14.000000000004093 1.4945487678409708
114 14.000000000001819 1.4945487678331666
115 13.999999999990905 1.4945487678297276
116 13.999999999987722 1.494548767831387
117 13.999999999999318 1.4945487678410718
118 14.00000000000432 1.4945487678418492
119 14.00000000000432 1.4945487678418492
120 14.00000000000432 1.4945487678418339
121 14.00000000000432 1.4945487678417642
122 14.00000000000432 1.494548767838377
123 13.999999999995453 1.4945487678296812
124 13.999999999989313 1.4945487678285543
125 13.999999999989313 1.4945487678285543
126 13.999999999989313 1.4945487678285543
127 13.999999999989313 1.494548767828561
128 13.99999999998704 1.494548767826766
129 13.999999999987267 1.4945487678316913
130 13.999999999998863 1.4945487678406382
131 14.000000000006366 1.4945487678435632
132 14.000000000006366 1.4945487678435858
133 14.000000000006366 1.4945487678436067
134 14.000000000006366 1.4945487678436293
135 14.000000000006366 1.4945487678436293
136 14.000000000006366 1.4945487678436293
137 14.000000000006366 1.4945487678436293
138 14.000000000006366 1.4945487678436293
139 14.000000000006366 1.4945487678436293
140 14.000000000006366 1.4945487678436293
141 14.000000000006366 1.4945487678436293
142 14.000000000006366 1.4945487678436293
143 14.000000000006366 1.4945487678436293
144 14.000000000006366 1.4945487678436293
145 14.000000000006366 1.4945487678436293
146 14.000000000006366 1.4945487678436293
147 14.000000000006366 1.4945487678436293
148 14.000000000006366 1.4945487678436293
149 14.000000000006366 1.4945487678436293
150 14.000000000006366 1.4945487678436267
151 14.000000000006366 1.49454876784361
152 14.000000000006366 1.494548767843527
153 14.000000000006366 1.4945487678421614
154 14.000000000003638 1.4945487678387575
155 14.0 1.4945487678380283
156 14.0 1.4945487678380283
157 14.0 1.4945487678380283
158 14.0 1.4945487678380283
159 14.0 1.4945487678380283
160 14.0 1.4945487678380283
161 14.0 1.4945487678380283
162 14.0 1.4945487678380283
163 14.0 1.4945487678380283
164 13.999999999998181 1.4945487678362428
165 13.999999999998181 1.494548767836309
166 13.999999999997954 1.4945487678361757
167 13.999999999997954 1.4945487678361982
168 13.999999999997954 1.4945487678362086
169 13.999999999997954 1.494548767836219
170 13.999999999997954 1.494548767836219
171 13.999999999997954 1.494548767836219
172 13.999999999997954 1.494548767836219
173 13.999999999997954 1.494548767836219
174 13.999999999997954 1.494548767836219
175 13.999999999997954 1.494548767836219
176 13.999999999997954 1.494548767836219
177 13.999999999997954 1.494548767836219
178 13.999999999997954 1.494548767836219
179 13.999999999997954 1.494548767836219
180 13.999999999997954 1.494548767836219
181 13.999999999997954 1.494548767836219
182 13.999999999997954 1.494548767836219
183 13.999999999997044 1.4945487678354645
184 13.999999999996362 1.4945487678348786
185 13.99999999999659 1.494548767835028
186 13.99999999999659 1.494548767835021
187 13.99999999999659 1.4945487678350222
188 13.99999999999659 1.4945487678350222
189 13.999999999996817 1.4945487678363791
190 14.0 1.4945487678380203
191 14.0 1.4945487678380203
192 14.0 1.4945487678380363
193 14.000000000000455 1.494548767839204
194 14.000000000002046 1.4945487678401355
195 14.000000000002501 1.4945487678402134
196 14.000000000002501 1.4945487678402203
197 14.000000000002501 1.4945487678402203
198 14.000000000002274 1.4945487678396294
199 14.000000000001137 1.4945487678388796
200 14.00000000000091 1.4945487678388427
101 14.00000000000091 1.494548767838821
102 14.000000000000455 1.4945487678381912
103 13.99999999999659 1.4945487678346658
104 13.999999999995225 1.4945487678344505
105 13.999999999994998 1.4945487678347673
106 13.999999999997272 1.4945487678358564
107 13.999999999997272 1.4945487678348621
108 14.000000000001819 1.4945487678345226
109 13.999999999993634 1.4945487678339815
110 13.99999999999136 1.4945487678368146
111 14.000000000004093 1.4945487678394234
112 13.999999999996362 1.4945487678305018
113 13.999999999992497 1.4945487678380682
114 14.000000000003865 1.4945487678416058
115 14.00000000000341 1.49454876783891
116 13.999999999995907 1.4945487678291494
117 13.999999999987722 1.4945487678289433
118 13.999999999993179 1.4945487678384857
119 14.00000000000432 1.4945487678418492
120 14.00000000000432 1.4945487678418492
121 14.00000000000432 1.4945487678418437
122 14.00000000000432 1.4945487678418161
123 14.00000000000432 1.494548767840878
124 14.000000000003183 1.494548767833888
125 13.999999999989313 1.4945487678285543
126 13.999999999989313 1.4945487678285543
127 13.999999999989313 1.4945487678285543
128 13.99999999998704 1.4945487678266525
129 13.999999999984993 1.4945487678245988
130 13.99999999998954 1.4945487678329161
131 13.999999999998636 1.4945487678386091
132 14.000000000003638 1.494548767843098
133 14.000000000006366 1.4945487678436067
134 14.000000000006366 1.4945487678436293
135 14.000000000006366 1.4945487678436293
136 14.000000000006366 1.4945487678436293
137 14.000000000006366 1.4945487678436293
138 14.000000000006366 1.4945487678436293
139 14.000000000006366 1.4945487678436293
140 14.000000000006366 1.4945487678436293
141 14.000000000006366 1.4945487678436293
142 14.000000000006366 1.4945487678436293
143 14.000000000006366 1.4945487678436293
144 14.000000000006366 1.4945487678436293
145 14.000000000006366 1.4945487678436293
146 14.000000000006366 1.4945487678436293
147 14.000000000006366 1.4945487678436293
148 14.000000000006366 1.4945487678436293
149 14.000000000006366 1.4945487678436293
150 14.000000000006366 1.4945487678436293
151 14.000000000006366 1.4945487678436293
152 14.000000000006366 1.494548767843624
153 14.000000000006366 1.4945487678436034
154 14.000000000006366 1.4945487678433915
155 14.000000000006366 1.4945487678415892
156 14.000000000002274 1.4945487678383267
157 14.0 1.4945487678380283
158 14.0 1.4945487678380283
159 14.0 1.4945487678380283
160 14.0 1.4945487678380283
161 14.0 1.4945487678380283
162 14.0 1.4945487678380283
163 14.0 1.4945487678380283
164 13.999999999998181 1.4945487678362428
165 13.999999999998181 1.494548767836309
166 13.999999999997954 1.4945487678361757
167 13.999999999997954 1.4945487678361982
168 13.999999999997954 1.4945487678362086
169 13.999999999997954 1.494548767836219
170 13.999999999997954 1.494548767836219
171 13.999999999997954 1.494548767836219
172 13.999999999997954 1.494548767836219
173 13.999999999997954 1.494548767836219
174 13.999999999997954 1.494548767836219
175 13.999999999997954 1.494548767836219
176 13.999999999997954 1.494548767836219
177 13.999999999997954 1.494548767836219
178 13.999999999997954 1.494548767836219
179 13.999999999997954 1.494548767836219
180 13.999999999997954 1.494548767836219
181 13.999999999997954 1.494548767836219
182 13.999999999997954 1.494548767836219
183 13.999999999997044 1.4945487678354645
184 13.999999999996362 1.4945487678348786
185 13.99999999999659 1.494548767835028
186 13.99999999999659 1.494548767835021
187 13.99999999999659 1.4945487678350222
188 13.99999999999659 1.4945487678350222
189 13.99999999999659 1.494548767835027
190 13.999999999997499 1.494548767836837
191 14.0 1.4945487678380203
192 14.0 1.4945487678380203
193 14.0 1.494548767838051
194 14.000000000000455 1.4945487678390017
195 14.000000000001819 1.494548767840013
196 14.000000000002501 1.4945487678402203
197 14.000000000002501 1.4945487678402203
198 14.000000000002501 1.4945487678402207
199 14.000000000002046 1.494548767839525
200 14.000000000001137 1.4945487678389053
101 14.000000000001137 1.494548767838919
102 14.00000000000091 1.4945487678387597
103 13.999999999995225 1.4945487678347267
104 13.999999999995453 1.4945487678347606
105 13.999999999997954 1.4945487678352256
106 13.999999999997044 1.4945487678351228
107 13.999999999995907 1.4945487678347347
108 13.999999999994543 1.4945487678366218
109 13.999999999999318 1.4945487678362022
110 14.000000000004547 1.4945487678344989
111 13.999999999987494 1.4945487678325236
112 14.000000000001592 1.4945487678412226
113 14.000000000002728 1.494548767833523
114 13.999999999987722 1.4945487678330243
115 14.000000000001364 1.4945487678411011
116 14.000000000004775 1.4945487678413463
117 14.000000000001592 1.4945487678323879
118 13.999999999987722 1.4945487678276064
119 13.999999999987722 1.4945487678340947
120 14.000000000003638 1.4945487678418288
121 14.00000000000432 1.4945487678418492
122 14.00000000000432 1.4945487678418492
123 14.00000000000432 1.4945487678418348
124 14.00000000000432 1.4945487678417757
125 14.00000000000432 1.4945487678385758
126 13.999999999995907 1.4945487678298357
127 13.999999999989313 1.4945487678285543
128 13.99999999998704 1.4945487678266403
129 13.999999999984993 1.4945487678245741
130 13.999999999984993 1.4945487678250202
131 13.999999999991587 1.4945487678344376
132 13.999999999998408 1.4945487678373384
133 14.000000000000227 1.4945487678415794
134 14.000000000006366 1.4945487678436293
135 14.000000000006366 1.4945487678436293
136 14.000000000006366 1.4945487678436293
137 14.000000000006366 1.4945487678436293
138 14.000000000006366 1.4945487678436293
139 14.000000000006366 1.4945487678436293
140 14.000000000006366 1.4945487678436293
141 14.000000000006366 1.4945487678436293
142 14.000000000006366 1.4945487678436293
143 14.000000000006366 1.4945487678436293
144 14.000000000006366 1.4945487678436293
145 14.000000000006366 1.4945487678436293
146 14.000000000006366 1.4945487678436293
147 14.000000000006366 1.4945487678436293
148 14.000000000006366 1.4945487678436293
149 14.000000000006366 1.4945487678436293
150 14.000000000006366 1.4945487678436293
151 14.000000000006366 1.4945487678436293
152 14.000000000006366 1.4945487678436293
153 14.000000000006366 1.4945487678436293
154 14.000000000006366 1.4945487678436213
155 14.000000000006366 1.4945487678435951
156 14.000000000006366 1.4945487678431586
157 14.000000000006366 1.4945487678408618
158 14.00000000000091 1.4945487678380756
159 14.0 1.4945487678380283
160 14.0 1.4945487678380283
161 14.0 1.4945487678380283
162 14.0 1.4945487678380283
163 14.0 1.4945487678380283
164 13.999999999998181 1.4945487678362428
165 13.999999999998181 1.494548767836309
166 13.999999999997954 1.4945487678361757
167 13.999999999997954 1.4945487678361982
168 13.999999999997954 1.4945487678362086
169 13.999999999997954 1.494548767836219
170 13.999999999997954 1.494548767836219
171 13.999999999997954 1.494548767836219
172 13.999999999997954 1.494548767836219
173 13.999999999997954 1.494548767836219
174 13.999999999997954 1.494548767836219
175 13.999999999997954 1.494548767836219
176 13.999999999997954 1.494548767836219
177 13.999999999997954 1.494548767836219
178 13.999999999997954 1.494548767836219
179 13.999999999997954 1.494548767836219
180 13.999999999997954 1.494548767836219
181 13.999999999997954 1.494548767836219
182 13.999999999997954 1.494548767836219
183 13.999999999997044 1.4945487678354645
184 13.999999999996362 1.4945487678348723
185 13.99999999999659 1.494548767835028
186 13.99999999999659 1.494548767835021
187 13.99999999999659 1.4945487678350222
188 13.99999999999659 1.4945487678350222
189 13.99999999999659 1.4945487678350222
190 13.99999999999659 1.4945487678350724
191 13.999999999997954 1.494548767837226
192 14.0 1.4945487678380203
193 14.0 1.4945487678380125
194 13.999999999999545 1.4945487678378178
195 14.000000000000682 1.4945487678390603
196 14.000000000001592 1.4945487678398817
197 14.000000000002501 1.4945487678402203
198 14.000000000002501 1.4945487678402436
199 14.000000000002501 1.4945487678401679
200 14.000000000001819 1.4945487678394216
101 14.000000000001819 1.4945487678393818
102 14.000000000001137 1.4945487678389586
103 13.999999999995907 1.4945487678347136
104 13.99999999999659 1.4945487678350313
105 13.999999999994316 1.4945487678348202
106 13.999999999997272 1.4945487678348977
107 13.999999999998863 1.494548767835265
108 13.999999999998408 1.4945487678357041
109 13.999999999997044 1.4945487678330476
110 13.999999999994998 1.4945487678389067
111 14.00000000000523 1.4945487678377845
112 13.99999999999227 1.494548767830227
113 13.999999999995453 1.4945487678397933
114 14.000000000004547 1.494548767837672
115 13.99999999999227 1.4945487678301654
116 13.999999999995453 1.4945487678398985
117 14.000000000004775 1.4945487678421494
118 14.000000000004775 1.4945487678366605
119 13.999999999990223 1.494548767827504
120 13.999999999987722 1.494548767830521
121 13.999999999997499 1.4945487678404876
122 14.00000000000432 1.4945487678418492
123 14.00000000000432 1.4945487678418492
124 14.00000000000432 1.494548767841844
125 14.00000000000432 1.4945487678418174
126 14.00000000000432 1.4945487678409788
127 14.000000000003638 1.4945487678342262
128 13.99999999998704 1.4945487678266403
129 13.999999999984993 1.4945487678245812
130 13.999999999984993 1.494548767824665
131 13.999999999984993 1.4945487678257197
132 13.999999999993634 1.4945487678354104
133 13.999999999998408 1.4945487678367522
134 13.999999999998408 1.4945487678392537
135 14.000000000005002 1.494548767843484
136 14.000000000006366 1.4945487678436293
137 14.000000000006366 1.4945487678436293
138 14.000000000006366 1.4945487678436293
139 14.000000000006366 1.4945487678436293
140 14.000000000006366 1.4945487678436293
141 14.000000000006366 1.4945487678436293
142 14.000000000006366 1.4945487678436293
143 14.000000000006366 1.4945487678436293
144 14.000000000006366 1.4945487678436293
145 14.000000000006366 1.4945487678436293
146 14.000000000006366 1.4945487678436293
147 14.000000000006366 1.4945487678436293
148 14.000000000006366 1.4945487678436293
149 14.000000000006366 1.4945487678436293
150 14.000000000006366 1.4945487678436293
151 14.000000000006366 1.4945487678436293
152 14.000000000006366 1.4945487678436293
153 14.000000000006366 1.4945487678436293
154 14.000000000006366 1.4945487678436293
155 14.000000000006366 1.4945487678436293
156 14.000000000006366 1.4945487678436187
157 14.000000000006366 1.4945487678435845
158 14.000000000006366 1.4945487678428568
159 14.000000000005912 1.4945487678399645
160 14.0 1.4945487678380283
161 14.0 1.4945487678380283
162 14.0 1.4945487678380283
163 14.0 1.4945487678380283
164 13.999999999998181 1.4945487678362428
165 13.999999999998181 1.494548767836309
166 13.999999999997954 1.4945487678361757
167 13.999999999997954 1.4945487678361982
168 13.999999999997954 1.4945487678362086
169 13.999999999997954 1.494548767836219
170 13.999999999997954 1.494548767836219
171 13.999999999997954 1.494548767836219
172 13.999999999997954 1.494548767836219
173 13.999999999997954 1.494548767836219
174 13.999999999997954 1.494548767836219
175 13.999999999997954 1.494548767836219
176 13.999999999997954 1.494548767836219
177 13.999999999997954 1.494548767836219
178 13.999999999997954 1.494548767836219
179 13.999999999997954 1.494548767836219
180 13.999999999997954 1.494548767836219
181 13.999999999997954 1.494548767836219
182 13.999999999997954 1.494548767836219
183 13.999999999997044 1.4945487678354645
184 13.999999999996362 1.4945487678348677
185 13.99999999999659 1.494548767835028
186 13.99999999999659 1.494548767835021
187 13.99999999999659 1.4945487678350222
188 13.99999999999659 1.4945487678350222
189 13.99999999999659 1.4945487678350222
190 13.99999999999659 1.4945487678350222
191 13.99999999999659 1.4945487678351828
192 13.999999999998408 1.4945487678375293
193 14.0 1.4945487678380125
194 13.999999999999545 1.4945487678376514
195 13.999999999999545 1.4945487678379366
196 14.00000000000091 1.4945487678391305
197 14.000000000001364 1.494548767839683
198 14.000000000002501 1.4945487678402436
199 14.000000000002501 1.4945487678402367
200 14.000000000002501 1.4945487678400788
101 14.000000000002501 1.4945487678400018
102 14.000000000001819 1.494548767839365
103 13.99999999999659 1.4945487678347151
104 13.999999999997044 1.4945487678346376
105 13.999999999993634 1.4945487678350087
106 13.999999999996817 1.4945487678351053
107 13.999999999999545 1.4945487678347487
108 13.999999999990678 1.4945487678346039
109 14.000000000002501 1.4945487678389513
110 14.00000000000341 1.4945487678352332
111 13.99999999999136 1.4945487678367275
112 14.000000000005002 1.4945487678401814
113 13.999999999997726 1.4945487678305642
114 13.99999999998954 1.494548767836079
115 14.000000000004547 1.494548767840321
116 13.999999999997954 1.4945487678307874
117 13.999999999989996 1.49454876783652
118 14.000000000004775 1.4945487678422555
119 14.000000000004775 1.4945487678395766
120 13.999999999995907 1.4945487678291416
121 13.999999999987722 1.4945487678284388
122 13.99999999999136 1.4945487678373386
123 14.00000000000432 1.4945487678418492
124 14.00000000000432 1.4945487678418492
125 14.00000000000432 1.4945487678418492
126 14.00000000000432 1.4945487678418357
127 14.00000000000432 1.4945487678417833
128 14.000000000005002 1.494548767837643
129 13.999999999989086 1.494548767825123
130 13.999999999984993 1.4945487678246698
131 13.999999999984993 1.494548767824707
132 13.999999999984993 1.4945487678268208
133 13.99999999999568 1.494548767836179
134 13.999999999998408 1.494548767836661
135 13.999999999998408 1.494548767837709
136 14.000000000001364 1.494548767842316
137 14.000000000006366 1.4945487678436293
138 14.000000000006366 1.4945487678436293
139 14.000000000006366 1.4945487678436293
140 14.000000000006366 1.4945487678436293
141 14.000000000006366 1.4945487678436293
142 14.000000000006366 1.4945487678436293
143 14.000000000006366 1.4945487678436293
144 14.000000000006366 1.4945487678436293
145 14.000000000006366 1.4945487678436293
146 14.000000000006366 1.4945487678436293
147 14.000000000006366 1.4945487678436293
148 14.000000000006366 1.4945487678436293
149 14.000000000006366 1.4945487678436293
150 14.000000000006366 1.4945487678436293
151 14.000000000006366 1.4945487678436293
152 14.000000000006366 1.4945487678436293
153 14.000000000006366 1.4945487678436293
154 14.000000000006366 1.4945487678436293
155 14.000000000006366 1.4945487678436293
156 14.000000000006366 1.4945487678436293
157 14.000000000006366 1.4945487678436284
158 14.000000000006366 1.4945487678436136
159 14.000000000006366 1.4945487678435678
160 14.000000000006366 1.4945487678424734
161 14.000000000004547 1.494548767839169
162 14.0 1.4945487678380283
163 14.0 1.4945487678380283
164 13.999999999998181 1.4945487678362428
165 13.999999999998181 1.494548767836309
166 13.999999999997954 1.4945487678361757
167 13.999999999997954 1.4945487678361982
168 13.999999999997954 1.4945487678362086
